0.007438585642449141	127.4766057430943	494842.2080847514	41074.94565445343	1.375504624965321e7	55452.22584397436	1.875016888744457e6	62.49925743020617	14.308405862062791	9.999901073374699e8	1.0069304081896591e6	4.1029044051297784e7	5304.384764913045	0.12039053178092826	6.336343777941097	0.00009374648040938181	0.00493402528473645
0.0074385856429956005	215404.5990726273	7.542238526423236e8	32932.22972853465	1.2226358977246363e7	2.8806125042795766e7	4.580096539386273e8	38.98275475805146	14.155884148440311	9.999991471688958e8	1.9315619259414931e6	1.4357812351813176e8	12974.033130191867	0.5784587178660959	30.44519567687055	21.624375593429377	1138.1250312405393
0.007438585643606685	301408.2349615987	9.98846152078694e8	53083.578032750265	2.082274751299793e7	788.9875047827721	995413.0524184335	41.006053319857784	15.998178201288447	8.365273960495528e8	19272.78350877143	6.333769415725291e6	562.8493266648084	45.23708170481455	2380.8990371110117	188176.3105752492	9.904016346130261e6
0.0074385856438013796	3168.2983934213694	1.0846549992062632e7	42870.45581407433	1.6278479400241261e7	273562.86959009466	1.0864077904468453e8	39.65153328772897	15.041050708308422	5.1799022867836885e7	3916.566304162903	1.2011735378568456e7	1062.717785835615	0.0027648726836593585	0.14551961492804238	20.175357161217942	1061.8609032044635
0.007438585643873406	41.080354347256154	49551.71541232829	50995.6168232438	5.495782487735635e7	760.3780989528996	2.035463801353804e7	5.3044240083553016e8	22964.281900146103	1.0174755272522241e8	40.21318384736875	4.332542875987422e8	9.532352163303045e8	5.089447955877862	267.8656818857359	2.9435287870473896	154.92256773998866
0.00743858564410511	39.362316015374546	185983.5478708742	44280.11729861272	1.2182490764318824e7	644904.9202727897	1.818476529057317e8	5411.167782081457	14.343548924865807	3.390154769317719e7	4982.593353178804	8.29321523680778e7	760780.6977357032	9.87959789690978e6	5.199788366828492e8	556.2954695412633	29278.708922740934
0.007438585644553906	39.00848561358836	186189.41375307998	49680.51578457446	1.3530423754684016e7	1.5912451091994363e8	9.946604390020837e8	58576.130166834395	14.101264228952484	2.5641298177419756e7	171732.29294189627	9.958960831771206e8	9.958112778555293e7	13353.885385326043	702836.0729164751	1.8013009146452288e-6	0.00009480531129555189
0.0074385856452843175	39.04061945752074	119418.98633594035	41185.76589097845	1.7502966791942444e7	53807.982353212676	6.921587377310311e8	66205.56841242955	27.603422856203125	6.573647683739295e7	137.10657301031762	4.415124602168273e8	3.977533526792796e7	35.216388915688555	1853.4941534693658	0.0013985565637730435	0.07360824019906076
0.007438585645367602	20616.092831166065	7.209673652053411e7	2.672121569952429e6	9.932721596837552e8	6.457951259268494e7	2.4011199798492935e7	39.07408489540818	14.277969247448109	1.2426806767176576e7	1.0251884189063791e6	4.4434260728061445e7	3995.09473984712	0.000015816073826628854	0.0008324249382490463	0.00030541448421538003	0.01607444653775629
0.0074385856455389315	340.2939717649998	843826.3963474014	64080.71232407926	3.359307260406144e7	107.50130572708821	1.199605149552169e6	80.25218582567955	26.138766600595996	9.275873416435862e7	180.79362690031314	2.401826503465283e6	341.67293004840724	0.7309312904419775	38.470067917629336	0.5005367225014579	26.344038026503465
0.007438585645545034	47.55977305151641	196654.3778848311	2.902817369553733e6	9.125929066280885e8	216.41809611008296	1.0382256333702417e6	113400.15109664836	15.970501221137846	1.6176037188296532e7	122.29016381751968	9.827439753831762e8	1.938956019559366e8	1.071658755507654e-6	0.000056403092395507086	0.000012924161354998275	0.0006802190186728887
0.0074385856457751115	39.57822649049825	184069.63844784044	55532.880645028556	1.5521923478930568e7	3698.9060704788094	3.2796866870644116e6	11226.216136121267	14.592841152204025	3.0126902530857433e7	1386.0383791905258	1.244802525962254e8	2.3657253432139154e6	0.00132983192276981	0.06999115383044596	35176.852230285935	1.8514132752902668e6
0.007438585645877282	38.975937921543576	186107.5110507023	1.4639337289802318e6	3.985430397770372e8	9.997348198694758e8	7.861195574837631e7	768670.7321155374	14.102382483333825	9.094883420977827e6	4.844116831841432e6	6.485477550647491e8	8.505869661726227e8	1.004509319381436e-6	0.000052868911546735754	1.00000315648073e-6	0.00005263174507827599
0.007438585646618626	2609.7666316514974	6.223245599178036e6	51741.564887201734	2.8206271121891696e7	131.14448622372728	1.2754957097856665e6	57.22593892250334	26.24943612241971	2.184457213223289e8	469.7685250046947	2.1225880546549866e6	222.95604859494824	0.2245481817395028	11.818325354814869	1.0724537299579342e-6	0.000056444933154748734
0.007438585646791901	904.7672610052296	2.690821625392746e6	1.6887142256431316e6	7.38124202639241e8	277.86316116347444	1.3410429541102548e6	48.722666010153134	18.963864350622423	2.0173036233241953e7	109.03396177347386	4.077053369434693e6	404.6675020454575	66.42608887850264	3496.1099409965946	2.5620648081459096	134.84551621660023
0.007438585646978773	40.377535734433245	189746.02357409958	331469.84709735616	9.169216870652089e7	4613.111964122906	1.3772738006585636e6	2056.6804291103194	15.727693548334903	1.4210478029369902e7	1961.8655968429991	6.057899282108561e6	19368.108660327278	438.8579163038845	23097.785068775982	0.37656078761815814	19.818988821954886
0.007438585646983319	54.98688197373454	236232.03168077674	56214.07927102167	1.7009309399535738e7	3514.695351131296	3.256721104469305e6	175.9394431658807	14.552515658237706	3.1946823803869665e7	1299.1746731321025	9.58130728480688e8	309789.8115676691	176.79195714341176	9304.839849499609	0.05128087110889133	2.6989932162315164
0.007438585647104627	844.2250741338494	2.973662209333404e6	54722.31390374883	2.0195390342043947e7	1.6479994709064465e6	5.530890597465001e6	41.575768474542876	14.780558127894011	3.539728869463741e7	325851.3910155315	1.2557550425000435e7	1152.1709061902086	1.0000005605875233e-6	0.00005263160845231774	0.010884212311993833	0.5728532795783973
0.007438585647104939	99.10877967992778	353654.3609308649	1.0516794364584063e6	3.831225002225135e8	295.41115711601066	1.2232915197624173e6	96.78120082504607	17.754890198899638	1.777913773341203e7	134.37812768143485	5.354288624827341e6	939.7318414866426	21903.10756889033	1.1527951352122633e6	0.04636822619864964	2.4404329578508004
0.007438585647542806	14078.418397594838	4.0094159961972885e7	53806.185078382885	2.455987299025545e7	816.4554572131414	4.390158889616604e6	41.09697896182888	17.46472399241187	4.7650085712539464e7	221.35887444054825	8.143869331736144e7	7731.220749226573	0.03701717914022919	1.948272586327084	3.63997403291746	191.57758068023196
0.007438585648050041	63749.144672438706	2.2334947897708693e8	109465.27516390634	4.0615036776523486e7	3.458032997461584e7	6.118188741049923e7	39.00570986719691	14.152809428390054	1.7305643410706013e7	300578.860666644	1.3310719564045452e8	12030.200434324976	0.25696451595305136	13.524448207956581	11263.654543701343	592823.9233429136
0.007438585648213086	15753.957323939272	5.5208232848504156e7	1.0997505973143117e6	4.079445612549071e8	3.747609160150574e7	2.1935835817673285e6	39.10505772598602	14.178669164975785	1.5045660386278797e7	7.900947173298963e6	9.323740628475973e7	8430.823337416483	1.0003407585976813e-6	0.00005264951361074723	0.0006615158301883243	0.03481662264091588
0.007438585648376954	518.9771989643723	1.2591610247076931e6	719954.6293621501	3.85738645973703e8	3538.176662394524	3.1397156849480204e7	44.398366305561595	21.33281031844705	1.846922142987596e7	44.291946613034234	7.110182962188612e7	7007.497702286901	1.7842222981022142e7	9.390643674067141e8	0.18721120673357786	9.853221407026535
0.0074385856483916045	40.88955844273949	179142.540765967	59968.99657619981	1.779350983657423e7	833.5270800838776	2.4618196666098586e6	501443.5191677209	17.34867070656197	3.13821372837946e7	408.30672994313926	5.8093426892010765e6	4.403443953327877e6	2715.3158466814057	142911.3603492932	0.015024661797422506	0.7907716735464205
0.007438585649786307	39.01472523130216	141618.76035629897	34009.77855367413	1.2179593680212291e7	37120.587949436886	3.188483836473252e8	3.890902238196714e6	26.589080449308074	2.7080025022479796e8	1003.7516667450739	3.0921320436027343e6	1.4322163859481337e7	3.784259711889251e6	1.9917156378494176e8	0.021674881286481328	1.1407832255946377
0.00743858565106098	721244.910775117	8.529225408280721e8	67439.76962275463	7.41327983223234e7	40.06407793404987	1.0688667692641076e6	1434.1547245433574	43.31975583723996	2.0873107153222597e8	81.15208916942228	1.2162300585170452e7	39119.63440426358	32.53224902424669	1712.2236328268177	0.30661170489430417	16.13745815221397
0.007438585652266242	701.7500980871328	2.240044649611589e6	2.3602352318296344e6	9.611743767835606e8	2.1364858961474696e8	5.47411743493597e8	42.504114177968624	21.073206128167282	1.3432607294133507e7	146782.7667328904	1.7673866107473476e6	128.30787336935558	0.02866856942633666	1.5088720750697562	2.2207162802673946e6	1.1687980422267005e8
0.007438585652455025	67.06861676393423	270956.3067575238	55300.822208415244	1.779397237975051e7	1.5538028371561341e7	2.549118166094677e6	124.4426868964788	22.640690846037664	3.921235840767175e7	8.469610124035466e6	1.55044938307581e6	242.35552513909752	452412.6311891716	2.381119111537466e7	0.510323810008108	26.859147894843773
0.007438585653016957	38.995309370521504	132626.97970108746	42363.41811097707	1.6191706330570536e7	74223.95887896839	7.649006324953663e8	1.551357894196776e6	29.0502776195535	5.352054583487838e7	154.92932722391362	3.378814362947946e6	6.095401889304743e6	163.66875451610252	8614.144974389475	0.0032693219237040962	0.17206957493212288
0.007438585655729789	38.974841431990725	183964.8443804851	614265.3558985913	1.6917122919691056e8	1.1703819382980086e6	4.822866706089087e8	7.295533785830638e6	14.631077622597871	9.46082954249314e6	950.509701331935	2.710752929898923e7	3.290153488916731e8	1.5487403513550088e7	8.151265006997015e8	0.04479505571994256	2.357634511558709
0.007438585657077514	39.05093318463436	183824.8261434524	40998.281833813875	1.1321765319688946e7	19653.191200775906	9.981715773383182e6	5.93379077348036e6	14.84227296505669	5.282192859284187e7	4294.074895962608	1.797451521156842e7	1.7539276096459278e8	8.611996749460748e-6	0.0004532629868062398	0.25231559706596657	13.279768266532853
0.00743858565798425	38.97489512789042	186104.1320193939	52345.77123334457	1.425055331398553e7	2.2034006133062917e8	2.9375649970649527e6	1.2027089745930461e6	14.106651434416882	3.5008369400505364e7	1.0997749927839112e8	4.8695309749108285e8	9.989611614142015e8	5.395596634290688e6	2.839787702276761e8	7.252033086823781	381.68595193882226
0.007438585659614041	6.486745483870186e6	9.99751874561293e8	107045.41705252771	9.02867784299964e8	38.9752724667772	1.0352471690265622e6	5.412913955312112e6	3.792386110267511e7	8.105327966115243e8	41.25112321245453	430112.7932538514	45.76471166635485	1.7558674613838263e7	9.24140769134123e8	491.7319817817711	25880.6306202618
0.007438585659715549	6200.06487206122	1.4081502027477572e7	67993.66724177833	3.891677284278374e7	39.219702835477584	736592.7893218489	2.547678226985439e7	22.486701009984362	9.950432852842243e8	1055.418587174616	1.4859045323772801e7	8.516358492830329e8	212.38039980849865	11177.915779210109	743.7159399595093	39142.9442077489
0.007438585660541343	38.973158958753935	185985.8812656926	34006.412974068524	9.263343108749093e6	4.309505442588773e7	9.295923165188141e8	8.584831603700446e8	26.20697364611864	2.0282851701309383e8	393579.963759388	1.26795535360966e6	9.999997303673201e8	31.84058143429028	1675.820075499879	1.2220402378539275	64.31790725556301
0.007438585663908001	155.56549368226712	311589.04568073247	72332.34619006864	4.694450744289556e7	74.38565810925992	1.3832905924243294e6	206.31182557232097	30.171195051156026	7.465103574379548e7	70.52377502837233	1.8133227066764276e7	7112.689650045092	1709.2617661818256	89961.14558910322	5.781564128549012	304.29284887438405
0.007438585664427293	75.58004682766716	269176.319817358	2.256534615009182e6	8.23632426870739e8	2.664342410416424e8	476510.9006210651	126.27533514536039	43.02790137794004	5.711569427386437e7	9.976015169088154e8	870684.5483949109	82.43182835462912	1.4922848038058674	78.54130546343576	1.0778923372737642e-6	0.00005673117564635712
0.007438585664755048	111.13337336479643	186500.51899318368	33829.5806066923	2.620489114348947e7	2.561038966212347e7	8.741871947959574e8	12538.840711825878	23104.97932576051	6.517389587404263e8	281045.05578572507	586134.929412167	21.777547728063745	1.00203135644935e-6	0.00005273849244504617	1.899979163403793e7	9.99989033376929e8
0.007438585665644031	3602.22157564569	1.0653884473079583e7	55820.49664166709	2.453450190789422e7	479.6452002425477	2.3953733086150717e6	43.12551433293582	16.79264707315596	5.4348945796758786e7	282.3114419208964	9.999993237770399e8	99764.14592128612	0.00039164036131322566	0.020612650595092576	0.014280025280180046	0.7515802779056476
0.007438585667081327	104.2710659520408	186093.02036630412	950191.7844463888	6.920957729528626e8	4.4157932031498194e8	4.5198644272518235e8	1.2298899006598069e8	2.0606270171083844e8	2.4537723457368165e7	375265.771922714	585581.1413569729	22.500010078173922	7.4563113264228385e6	3.9243743823533726e8	2.177047413747118e-6	0.0001145814428269037
0.007438585667114787	1212.7135079600878	186098.23118287686	48278.389199142664	4.089688562383578e8	9.988198733290917e8	1.2159734700222163e7	3.320287600702006e7	9.999586771650509e8	9.297994123388466e8	1.0279955364748389e8	585575.5432890279	14.557527383421254	1.0004521926634574e-6	0.00005265537856036516	1.8896407486628924e7	9.945477624606323e8
0.007438585667791945	38.981069723514366	186093.92200769813	34562.48637149492	9.411261254238168e6	9.99878319051235e8	8.277648471147121e8	2.0090030716962162e7	4057.2041242044284	1.5005661315026665e8	7.589773832905701e6	587621.3479948979	70027.37930899528	0.0746245074690915	3.927605656311644	1.89766478015461e7	9.987709369069853e8
0.0074385856681190915	39.12816376222764	185865.77794680026	35768.53158017781	9.788416098117467e6	6.027707979275279e6	2.7325283789219785e8	3.328304963806973e6	13179.279011815957	9.907160455163074e7	91054.56608766313	586470.8109789912	3582.3082938272073	6.715522713822223e6	3.534485638876825e8	2.8156665846269497	148.19297813956703
0.007438585668237847	38.97344679770698	186096.81135173122	44996.18354498933	1.2249737745096214e7	9.999814477604586e8	2.4651349042288786e8	3.4842054566455495e8	2531.5594340964253	3.20615420911435e7	5.447044439848573e6	588854.3086544067	1.9500617395227614e6	1.6637258304318843	87.5645173917222	6369.8145952757695	335253.3997535401
0.007438585668953483	38.999935052824384	183393.3101075378	1.7713576065212877e6	4.896748358376799e8	1.9178939618663448e6	9.999987094479394e8	1.964751936883627e8	130376.80667496336	9.158026340077842e6	724.4389776464308	588779.3198670857	21678.808352106433	8.845995041705795	465.57868640216867	114274.25119268284	6.014434273338275e6
0.007438585669174497	1024.6558121880457	304353.56614767766	43934.68093297276	1.9227743056648988e8	39279.52659868136	3.498696108795679e8	72.2242260366288	800.1081270096065	5.492625324437875e8	160.6553208158246	682986.3032553494	23.84740962235505	0.00002827070031946575	0.001487931595771046	282.4464943504068	14865.604965907716
0.0074385856692462966	42.13646319111066	186097.6933002262	33130.5002249238	9.751386785377862e6	9.762107663795836e8	9.423427956953824e7	2.5765780357317556e7	2.0912939441367923e6	6.4428172738469e8	2.585523374691373e8	585580.3981601833	187.68383147302416	0.009819398252656706	0.5168104343441993	1.931438267314797	101.6546456488094
0.00743858566959746	39.7799527847525	179280.56962689298	48689.285606809404	1.4043832150812335e7	1944.6551424406855	3.8976547916918905e6	2.1599039226392857e6	489.6844098668236	3.952389770761131e7	779.5123431428229	612676.1207163016	68893.03344763837	6136.522444203284	322974.8654864875	0.02147167635655673	1.1300882292868102
0.007438585670026066	9157.11393360558	3.215713469622945e7	2.7014530819456894e6	1.e9	9.999999977204427e8	8.243298160109504e8	39.20006191206298	14.100772241324682	1.2185673546223078e7	455324.21376126085	7.692031007975719e8	69962.23347192703	0.012121844436499912	0.6379918124412366	44.10190954505054	2321.153133965147
0.007438585670938918	665010.5904348318	9.999924138167988e8	1.156346609306242e6	9.996348234846905e8	9.213562238072491e8	1.2411610910186844e6	38.980417103260216	84.80070013669196	4.174146399577934e7	4.086865527837092e8	702255.572601706	24.664312839611398	1.0050902149796976e-6	0.000052899484999276034	1.0000163008004807e-6	0.00005263243688942629
0.007438585670985668	291.6267838412308	707114.2746051108	33317.76362674714	1.7862207641045827e7	6.596184866496667e7	9.997936085477753e8	52.88566085714129	51.21840834537654	7.283911950178549e8	1.0220311590960101e6	808092.6266259354	39.53720404292976	0.006477502399109259	0.3409211789034932	1.896337560524811e7	9.980724002827177e8
0.007438585672909135	1225.2394641024448	3.032266142281358e6	111924.7144332335	5.878961664455171e7	40.25481038815063	694532.8314800325	1.3339773064221502e6	20.326317968131193	9.708262201557827e7	122.14271203102159	3.078300357594485e8	9.378856724316038e8	0.36482030846620067	19.20106886645773	1043.5427860945533	54923.30453165011
0.007438585675714441	46.80477320639177	186096.7577630609	32917.60936098913	1.0762196448319025e7	9.234215414183213e8	2.0477456172328052e8	9.999909663317333e8	2.0094812988304687e8	9.999998600258607e8	1.5726366961729205e8	585577.1338440563	84.20588652172957	1.8999989775272917e7	9.999994618629811e8	6.147652037435307e-6	0.0003235606335513343
0.007438585676463598	44.550218849895636	130801.0424394138	42750.51586581662	1.892784029287729e7	602.5479701245129	7.3939055057331305e6	1.7527912858649403e7	1.2122657883103339e6	7.597031837476362e7	159.4329681440691	691234.7898116588	391.1036806616708	0.0012923711976601015	0.06801953671939581	0.3354969709586594	17.657735313484718
0.007438585678601607	61.87106872413228	100715.41107331902	33768.989145940846	2.6966885317492027e7	2665.0067545617876	4.455681918109804e7	287186.3662510634	162002.1065803509	8.945814474056023e8	763.9543094241445	844671.3955551502	105.68615317747067	6133.323497288944	322806.4998594159	20.966663616221613	1103.5086113618638
0.007438585680751761	2078.187640900482	3.8904495000346405e6	186041.15703482326	1.2918584435750608e8	39.812903197012545	797684.4440854382	2.457719776923777e6	304441.0790781738	6.259879137662208e7	51.301342726575015	435658.8000998811	215.8518381694815	1.6379138286643643e6	8.620599098289649e7	4.852180870783705	255.37794056511063
0.007438585738746467	899.6013744540423	1.4995997524247125e6	86536.2953684645	6.748295413714609e7	40.752721826140984	949955.2526004444	116749.64410391486	30.716316382788115	1.0826030136363375e8	67.90527901643932	2.1722726085860628e8	5.6907414422529325e7	0.012166940424714768	0.6403652855169494	3457.2053977145533	181958.1788282672
0.007438585795799712	5597.187915032537	1.9676688842671517e7	2.7043410898409425e6	9.999974587321637e8	8.292534539708493e8	686260.5953789359	39.34533384240832	14.097751635255673	2.6839082909894094e7	9.999997175879774e8	9.999995699462738e8	91213.8564786469	311.8972798134866	16415.646306079907	1.0348277841064545e-6	0.00005446462021648396
0.007438586358969647	62.94170449454342	190959.37008063146	72933.79010815758	3.124980655538141e7	129.69212511993257	1.3110348747141631e6	9.992371034462202e8	1.2959669530919212e8	5.128701980143204e7	135.0090717035446	580234.0325362528	169.4224999079757	4.430699375816554e-6	0.00023319470399186417	15222.993825224425	801210.2013328202
0.020752268030116316	39.012374468419985	49504.70714051578	964720.5925187784	9.850608481921881e8	37047.85505180258	9.74601555554246e8	9.999992199305273e8	4.529058030468026e6	3.447850303504597e7	14.597838619700703	3.953827141791475e8	7.3987412229299955e6	1.000129837155738e-6	0.000052638412842201	1.3380970735219842e7	7.042616176315223e8
0.05482793247640445	721.4401927256351	1.2551227481020119e6	65229.34109498255	4.679284369055499e7	40.89488934430517	1.0080046651871268e6	59693.98914701176	9082.816588416441	1.105619464171561e8	68.71039633917421	449043.95821460185	195.1851961586785	0.9639249754712607	50.73289344549707	0.879282423022326	46.27802226485818
2.0278885276225287	27658.749541972622	1.687010194491473e6	52359.25583054245	9.467495246072867e8	641.8146617531206	2.7222817462422685e6	652278.2447887178	4.2915089454652727e8	9.998482454844313e8	44.53787435626459	454936.87955325097	3.9121702832983627	1911.72779765933	100617.25250904121	2.485109012650543	130.79521119328703
2.858823417751887	1152.0219802479155	6.646409848297439e8	4.5613243067305565e8	9.965109325438362e8	1.0647056875239897e8	32188.50251331617	40.20239544101978	1.0756525021501622	576448.7593504529	7.664029089557909e8	7.435942483412342e8	70496.32990276006	0.000012005831226145304	0.0006318858540117636	0.0009938778438870917	0.052309360204924514
2.960006283968131	25586.795956785943	2.1356024471170004e6	65151.93578562248	9.775388614987198e8	37955.44224278123	9.938304286388958e8	600494.2233200932	3.932336657732517e8	9.99999467089849e8	0.6532485804916176	8.207299927553587e8	74152.05331387668	0.035495612877595756	1.8681901514731811	0.0030377409256970266	0.15988110135204395
2.960071105506489	387.05283909994404	832128.3330713401	44821.70294576526	2.704824504317776e7	44.75048803095746	9.999996413724371e8	433092.75469335227	122818.60163623361	7.581476062418114e7	3.687270235348066	430375.63197228336	1.412226638773085	0.0062188405740480155	0.32730739863397706	2020.0647849009445	106319.19920600542
2.9612774968762716	39.115361843704136	7.899724267107608e8	37830.94096605596	2425.962024728131	136669.88075317946	34386.7504115009	9.494977363619221e8	743563.6625624007	1.0041791689904578e8	9.356271165127231e8	432060.0535982647	237.22749603779428	1.7557773955645333e-6	0.00009240933660926158	595115.6338922934	3.132187546821947e7
2.9643528779812116	39.97650496414978	140311.58220820915	40486.61426112238	1.4994999193596942e7	297092.2461553382	9.513852327139727e8	1562.134289589129	0.02975530526373562	9.999994948820369e8	4.565667599772745e6	9.404097000151394e7	339760.7615152323	17771.340791599247	935333.7258797372	1.8843476501621958e7	9.917619211444601e8
2.964422516945155	39.11516792481528	8.143764321668808e7	53338.14376027402	33302.61677105657	13925.919665797019	3.664493675020718e8	9.598417516194069e8	81489.16254289796	51973.10734449722	0.021905813475952687	9.337647077715305e8	9.993400814094731e8	1.7729684997527529e-6	0.0000933141315665422	1.0024698384575047e-6	0.00005276157045397967
2.9644235973655557	38.97900532867892	136737.9712991362	2.698590748013111e6	9.999971746399782e8	618311.0131264364	9.99959567146887e8	465549.8678431007	0.00787891234673655	3.708711553090987e7	1.2623543845982451e6	9.244337759848421e8	9.999994154659199e8	1.0041367891240232e-6	0.000052849304691082316	238044.64838340587	1.2528665704471393e7
2.964425220842031	39.11672364329804	1.0460737614913794e8	9.978069984222119e8	4.850340640709658e8	35137.713657204265	9.246212258377194e8	6.933638343963135e8	67016.21467580495	15802.578979505159	0.006660770175120703	9.999779830388473e8	9.401066637505777e8	1.000010152632755e-6	0.00005263211327862514	3561.073769056491	187424.93521040477
2.9644259369778005	435.4858644260715	1.527371946818946e6	2.693819632556316e6	9.984339386577319e8	170248.4558928665	9.156091842600477e8	42.815303470139085	0.006240091139553412	2.525362023603834e8	3.3550268257317306e6	1.5419931263824314e7	1492.2195289770848	6705.201150514957	352905.3237054863	962493.1809019549	5.065753583610854e7
2.964428964160062	52.37538538834783	4.441593482656424e8	55131.325449209326	8450.998172291367	154.53165805173631	4.0664026163252536e6	9.983168170944169e8	641374.0252645832	12143.933311036388	0.004694499492433684	2.3067939932279475e6	355709.1258293077	1.0522780478323062e6	5.538305514942951e7	4924.440262855478	259181.06646179792
2.964429057062928	39.2293775670082	4.7392220397270036e8	32513.516462237847	3498.561348089529	35963.9058637352	9.463588847279426e8	67810.19313600617	332.5777035792447	2.1137541329133216e7	9.946334541944541	1.7382377194786787e8	2.8844532585035823e6	153949.98912828503	8.102631006804624e6	3.553969641241218e-6	0.00018705103375075602
2.964429098567894	77.10057636154323	9.999808590235704e8	44981.442745750406	4508.380490858483	35230.340829156245	9.270187952113374e8	9.991664187670891e8	9.687290047986108e8	11749.719400755497	0.005434227655952655	799280.9755038429	68.2647442852991	1.000622700187023e-6	0.00005266435263691475	5582.3689671260445	293808.89300854807
2.964429130025508	62.44669444459466	4.8973781059319556e8	41789.31900525914	6926.796200558805	104.14033637253941	2.7404149414533004e6	9.928150085902712e8	88571.34617553886	24263.128840227324	0.006408491959368025	6.15031138599329e8	9.995177602208523e8	196.9057722847946	10363.461699267224	24323.460687340605	1.280182141447318e6
2.964429148027322	2042.0442665012665	7.668761591020873e8	2.880718603067095e8	9.970547838923972e8	39.83186892555298	1.0481851758473511e6	46742.307059192375	3169.7833318472276	112543.00445369055	0.0014939791471102496	4.346882971493231e8	1.8491652621922273e7	2.656622181979455e-6	0.00013982222010509263	1.0001384362769093e-6	0.000052638864957251656
2.964429180931584	188.73815416551184	9.996897885767215e8	9.958246298275664e8	2.4439753242432287e8	49.78213481391509	1.3100009880305373e6	7.028763194299982e7	1.957518691093899e6	7978.710945099563	0.0011762299284671708	1.054072709588031e6	9831.90162041779	0.23259878176975188	12.242041145799783	0.0059522334785100635	0.31327544623364156
2.964429225641713	39.202509339986726	9.685532140096942e8	32508.603388783067	1710.448792436341	6734.660270738471	1.7721620504385483e8	7.928379904462785e8	51350.406292119966	1.2080746074873e8	66.86138454556841	1.7898177431711238e6	1.9121970184321883e6	0.000013450752334703757	0.0007079343334100724	4.026158862022021e-6	0.00021190309800253954
2.964429238198345	69.59341677916795	8.363029629195976e8	97953.61213528956	10596.106977456333	92.30344474789084	2.428920166874569e6	126555.81113840605	2270.6639903484943	5263.379167427556	0.0013027260949516407	2.971606993746003e7	256264.16439112925	4.505146042785069	237.11294961853542	373.04054589598593	19633.712941569804
2.96442925609613	169599.66315057926	9.32920346494958e8	114709.14423069195	2.7107916938737508e7	85.22778138654486	2.242727473601815e6	3390.150095562814	7.833654058964574e6	1.0720501237036372e7	0.001064497620119207	5.486008722661836e8	91569.1974713979	1.000062926633779e-6	0.00005263489088065276	0.03244786652566025	1.7077824487340167
2.9644292607140548	303078.1706035465	9.994852373682764e8	2.180295648142714e6	8.594350504169923e8	38.98549073319573	1.0258941022194197e6	6.831544727753303e8	9.903381415873033e8	1.300835353906105e7	0.000740974568612246	9.420691721535113e6	4.368971081942313e6	1.8999989886395622e7	9.999994677115446e8	1.0000108065737752e-6	0.00005263214772202347
2.9644292627987223	94.24265231770055	9.999656203936328e8	1.9163950070829676e6	234784.13527438382	9630.650169523	2.534236051060916e8	7.198193005630485e8	9.970227358402996e8	4051.3881053698387	0.000714630155253047	4.681248881535358e7	7337.779200047039	652.2678333994938	34329.885968618	697534.6431436304	3.671234963937758e7
2.9644292633154934	40.42190976693105	9.934899807037123e8	349173.23771487013	18467.810286359123	2569.717987255184	6.762029528103034e7	1.0571275604315199e8	13004.329895450197	1895.8608316917835	0.0007754277297606233	6.473862713099556e8	4.927585422284952e8	0.05439539153623037	2.8629153439846284	0.00006082104376118197	0.0032011075663988496
2.964429471571529	602.0361188285721	9.898805537941101e8	9.999983791656158e8	7.905805306855801e8	41.74224471197228	1.0984355154899263e6	9.55977578121568e8	1.3070356858308332e6	25702.306177179402	0.0007037979852437642	9.772516577375529e8	9.99934494359547e8	1.894504035820365e7	9.971073872803735e8	1.0009922913805106e-6	0.00005268380480135211
2.964974551786531	688202.2795943609	9.999996138105036e8	1.1191563997531729e6	9.999998833970963e8	38.74922515383621	1.0272732162325024e6	6.131921798046392e8	9.999998132833911e8	2.9228719364419833e7	0.0006831775676667535	9.999998125926156e8	9.962883800568249e8	1.0000037944601985e-6	0.00005235270754023701	1.9017681651300564e7	9.999160483473643e8
2.970624991314899	43.81190227809766	9.995133353003247e8	6.175391465294938e8	3.465337372664178e7	38027.314022618106	9.700808416980989e8	350.30405549907726	1.1055091434827282	1691.8167503091702	0.03946419726083788	1.1553298733645459e6	624.3838810369149	1.7447676312309979	91.82987589860414	1.8977852691343155e7	9.98834352665439e8
2.9828537161940814	38.589898142619205	9.999994054727056e8	61818.2697600296	3033.361138987121	2125.2969291617574	5.668249263934288e7	338683.63690280326	2.8113549793259196	2525.861131324517	0.014628072723921946	1.8769291803517008e8	1.4909711723457855e8	9.118711210687906	480.1038152290073	12.20834992591157	644.456959836672
3.030439713117644	49.64497454256783	9.969011240388927e8	40199.72542909149	2472.2140405868777	9033.139888892294	2.350185388512633e8	180.36262095161476	15.73334321273368	3939.021129535248	0.08737802905938877	399325.47250943695	8.224382538825754	1.8049836149228808	94.99913762813887	7.182297554217035	378.0156607446344
5.846397471674739	72.07125848244462	3.5169947330457576e7	71332.30214143936	188372.0036379727	475.60768094448974	9.999280754466972e8	7.745959057437705e8	5.43729008705793e8	276611.68891836115	414.62183947775276	425372.3680622718	0.00019481900626452066	0.31363460308403757	16.50708437298962	2.5349786572062363	133.4199293272059
5.867996909280222	778.2498407021467	9.999999001368915e8	9.99913536993653e8	9.999975796636345e8	2.0663109305488355e7	9.575586812199572e8	41.03142307927595	0.0347606047171579	32514.534755613826	27332.089528489993	626600.7438998235	19.3030424620326	6.728021753054732	354.74218535846825	1.000000069353865e-6	0.00005268583474061715
5.869752631374727	802.0067105724227	9.999999989868624e8	9.711000756626118e8	9.999984871336603e8	41.01135458227212	2.8079567737317006e6	728494.3692708771	0.0053492789531618835	1.5072315479963182e6	1807.0037895889554	5.90798659822217e8	9.999999998618449e8	87.77119453469058	4620.102910415232	1869.9722053303774	98410.54253301836
5.895494881687847	184.288265712742	2.5375071301001027e8	111218.3450692148	104295.22895234721	56.49994317934744	9.999994762541336e8	390.2366568382784	0.000018102568193499897	9.310505948226898e8	1.3718989063192825e6	9.999994675273379e8	914399.4281355629	1.07536994757007e-6	0.00005659841829222703	0.000011452867176221091	0.0006027824829629319
5.9108412810207955	38.88383350360811	9.945961893190105e8	786869.8572858959	39933.4877328083	5.612745572601912e8	236503.17694674607	9.999998832589412e8	11.122413885272053	4633.754053516297	9.999985907728664e8	9.999992013947325e8	9.999998832589412e8	1.0000083232350247e-6	0.000052291363991457016	1.8949165874658454e7	9.999985795362661e8
5.916598762730067	94.90345239138291	7.000993426073321e8	360669.0777318079	63516.16191045705	155.5029055033784	9.999994675503658e8	9.992030834235672e8	8.104951666734488e8	9233.034587355785	73.14061480539262	429807.59148702124	0.000010502010547817127	0.00395093930402504	0.2079441738983669	1.8988692671744175e7	9.994048774667319e8
5.918493999637843	209.14547177761196	9.856543052503166e8	117592.91671488661	32384.85106772356	654.692693731109	9.999920994472909e8	571.2286729984753	2092.9102345605183	28416.495979522115	851.2936980840182	429908.3192144461	2.5845731400785866e-6	4.80849303560623	253.07858082244636	0.00016101900099670655	0.00847468426303976
5.918839437694549	39.978617637114766	9.998290688049779e8	65154.059768832696	3386.4677800980407	3174.3835171901646	7.12041478502721e8	37703.23070611324	2.299193329120641e-6	104297.5304062035	94972.50487316592	5.597343966804955e6	452869.7850788456	557.8742783137848	29361.804121969435	1.05610213235901e-6	0.00005558432275481956
5.919698031934088	58.26228099466784	9.992191314226024e8	113105.00199745205	8520.603538001886	8816.721735030622	9.999994137850316e8	9.703731951852037e8	4.6946742986732996e8	1.2452865547673094e8	3.307785785046606e8	420931.4605427123	2.9085593833514354e-6	239.9428790205074	12628.57258010898	1.8986651384063974e7	9.992974412500246e8
5.947691037660526	332.36895128919195	9.99999431929393e8	77788.09612709685	33645.251756075944	176.82336870818526	9.999990497926623e8	1.644218923720363e8	9.999999597738379e8	59978.303432505374	402.01170268946726	378030.32961589465	1.5976292069119703e-6	15299.065874404792	817756.8185890899	33280.927077774926	1.7535224743501863e6
5.951567428758005	74.95562115869056	9.999998513681453e8	986920.0736525882	95572.61839033534	14244.544141969876	9.999995530222815e8	9.999999725762117e8	9.999999725762117e8	561107.9303312154	2.930182455893518e6	374944.01849955093	1.0000004469779183e-6	1.0000000539956223e-6	0.000053300851758921194	1.0000000105458407e-6	0.00005233850732844509
5.955272957436831	51.67474933865288	9.995287262555746e8	41364.4012506476	2711.351208698334	235194.63478257012	9.679670736798298e8	129.75372194476685	1.91480594332805e-6	4.058286450549257e6	2.046081742156236e8	9.999979217118825e8	331339.73362065054	2.6197880328677514	137.8819688670837	1.2755603436649328e7	6.7134773129287e8