,patterns,count
0,"(1, 2, 2, 2, 2, 1, 2, 3, 3, 1, 3, 3)",1
1,"(1, 2, 3, 3, 2, 1, 3, 3, 3, 3, 3, 3)",1
2,"(1, 2, 3, 2, 2, 3, 1, 2, 3, 1, 2, 3)",1
3,"(1, 2, 2, 1, 2, 1, 1, 3, 3, 1, 2, 3)",1
4,"(1, 2, 3, 2, 2, 2, 2, 3, 3, 1, 3, 3)",1
5,"(1, 2, 3, 1, 3, 3, 2, 3, 3, 2, 2, 3)",3
6,"(1, 2, 1, 2, 3, 2, 1, 3, 3, 1, 2, 3)",1
7,"(1, 3, 1, 1, 3, 1, 2, 2, 3, 2, 3, 3)",1
8,"(1, 2, 1, 1, 3, 2, 2, 3, 3, 2, 2, 3)",1
9,"(1, 2, 3, 2, 2, 2, 2, 3, 3, 1, 2, 3)",2
10,"(1, 2, 2, 1, 3, 3, 2, 3, 3, 2, 2, 3)",3
11,"(2, 3, 1, 1, 2, 1, 3, 3, 3, 2, 2, 3)",1
12,"(2, 3, 1, 1, 3, 2, 2, 3, 3, 1, 3, 3)",1
13,"(1, 2, 1, 1, 2, 1, 1, 2, 3, 2, 2, 3)",1
14,"(2, 3, 2, 1, 3, 2, 1, 2, 3, 1, 2, 3)",1
15,"(2, 3, 1, 1, 2, 1, 3, 3, 3, 3, 3, 3)",1
16,"(1, 2, 1, 1, 3, 1, 3, 3, 3, 2, 2, 3)",1
17,"(1, 2, 3, 1, 3, 3, 2, 3, 3, 1, 2, 3)",2
18,"(2, 3, 2, 1, 3, 3, 1, 2, 3, 1, 2, 3)",1
19,"(1, 2, 2, 1, 3, 2, 2, 3, 3, 2, 2, 3)",1
20,"(1, 3, 1, 1, 3, 2, 3, 3, 3, 3, 2, 3)",1
21,"(2, 3, 1, 1, 3, 1, 2, 3, 3, 2, 2, 3)",1
22,"(2, 3, 1, 1, 3, 2, 2, 3, 3, 2, 3, 3)",1
23,"(2, 3, 1, 1, 3, 2, 2, 3, 3, 2, 2, 3)",1
24,"(1, 3, 3, 1, 3, 3, 1, 2, 3, 1, 2, 3)",1
25,"(2, 3, 3, 1, 3, 3, 1, 2, 3, 1, 3, 3)",1
26,"(1, 2, 2, 1, 3, 3, 2, 3, 3, 1, 2, 3)",3
27,"(2, 2, 3, 3, 2, 1, 2, 3, 3, 1, 2, 3)",1
28,"(2, 3, 2, 2, 2, 1, 1, 2, 3, 1, 2, 3)",1
29,"(1, 2, 3, 3, 2, 1, 2, 3, 3, 1, 2, 3)",1
30,"(1, 2, 3, 2, 2, 1, 1, 3, 3, 1, 2, 3)",1
31,"(1, 2, 2, 1, 3, 2, 3, 3, 3, 2, 3, 3)",1
32,"(1, 3, 1, 1, 3, 2, 2, 3, 3, 2, 2, 3)",2
33,"(1, 2, 3, 2, 2, 2, 2, 3, 3, 2, 2, 3)",1
34,"(1, 2, 2, 1, 3, 2, 2, 3, 3, 1, 2, 3)",1
35,"(1, 2, 2, 2, 2, 1, 2, 3, 3, 1, 2, 3)",2
36,"(2, 3, 1, 1, 3, 1, 1, 3, 3, 1, 2, 3)",2
37,"(2, 3, 1, 1, 3, 1, 2, 3, 3, 1, 2, 3)",2
38,"(1, 2, 1, 1, 3, 1, 2, 3, 3, 2, 3, 3)",1
39,"(1, 2, 1, 1, 2, 1, 2, 3, 3, 2, 2, 3)",1
40,"(1, 2, 3, 1, 3, 3, 3, 3, 3, 3, 2, 3)",2
41,"(1, 2, 1, 1, 3, 2, 2, 3, 3, 1, 2, 3)",1
42,"(1, 2, 3, 3, 2, 1, 2, 3, 3, 2, 2, 3)",2
43,"(1, 2, 1, 1, 3, 2, 3, 3, 3, 2, 2, 3)",1
44,"(1, 2, 2, 1, 3, 3, 1, 3, 3, 1, 2, 3)",1
45,"(1, 2, 3, 2, 2, 2, 3, 3, 3, 3, 2, 3)",1
46,"(2, 3, 1, 1, 3, 2, 1, 3, 3, 2, 2, 3)",1
47,"(1, 2, 3, 3, 3, 2, 1, 3, 3, 1, 2, 3)",1
48,"(1, 2, 2, 1, 3, 3, 3, 3, 3, 2, 2, 3)",1
49,"(1, 2, 1, 1, 3, 2, 2, 2, 3, 3, 3, 3)",1
50,"(1, 2, 2, 3, 2, 1, 2, 2, 3, 3, 3, 3)",1
51,"(2, 3, 3, 3, 2, 1, 1, 2, 3, 1, 2, 3)",1
52,"(2, 3, 2, 1, 3, 2, 1, 3, 3, 1, 2, 3)",1
53,"(1, 2, 3, 3, 2, 1, 3, 3, 3, 3, 2, 3)",3
54,"(1, 2, 1, 1, 3, 1, 2, 3, 3, 2, 2, 3)",1
55,"(1, 2, 3, 3, 2, 2, 2, 3, 3, 1, 2, 3)",1
56,"(1, 2, 2, 1, 3, 3, 1, 3, 3, 1, 3, 3)",1
57,"(1, 2, 1, 1, 3, 1, 2, 3, 3, 2, 3, 3)",1
58,"(1, 2, 2, 1, 2, 2, 2, 2, 3, 3, 3, 3)",1
59,"(1, 2, 2, 1, 3, 3, 2, 3, 3, 2, 2, 3)",2
60,"(1, 2, 3, 3, 2, 1, 2, 3, 3, 2, 2, 3)",1
61,"(1, 3, 3, 1, 3, 3, 1, 2, 3, 1, 2, 3)",1
62,"(2, 3, 1, 1, 3, 1, 3, 3, 3, 3, 2, 3)",1
63,"(2, 3, 1, 1, 3, 2, 1, 3, 3, 1, 2, 3)",3
64,"(2, 3, 2, 3, 2, 1, 1, 2, 3, 1, 2, 3)",1
65,"(2, 3, 1, 1, 3, 2, 3, 3, 3, 2, 3, 3)",1
66,"(2, 3, 2, 1, 3, 3, 1, 2, 3, 1, 2, 3)",1
67,"(1, 2, 1, 1, 3, 2, 3, 3, 3, 3, 2, 3)",1
68,"(1, 2, 3, 1, 3, 3, 1, 3, 3, 1, 2, 3)",2
69,"(1, 2, 1, 1, 3, 1, 2, 3, 3, 1, 3, 3)",1
70,"(2, 3, 3, 2, 2, 3, 1, 2, 3, 1, 2, 3)",1
71,"(1, 2, 1, 1, 3, 1, 1, 3, 3, 1, 2, 3)",1
72,"(1, 2, 1, 1, 3, 1, 2, 3, 3, 1, 2, 3)",4
73,"(1, 2, 2, 1, 3, 2, 2, 3, 3, 2, 2, 3)",1
74,"(2, 3, 2, 1, 2, 2, 1, 2, 3, 2, 3, 3)",1
75,"(1, 2, 2, 3, 3, 2, 2, 3, 3, 1, 2, 3)",1
76,"(2, 3, 1, 1, 3, 1, 2, 3, 3, 2, 2, 3)",1
77,"(2, 3, 2, 2, 2, 1, 1, 3, 3, 1, 2, 3)",1
78,"(2, 3, 1, 1, 3, 2, 2, 3, 3, 2, 2, 3)",1
79,"(1, 3, 1, 1, 3, 1, 2, 3, 3, 1, 2, 3)",1
80,"(1, 2, 2, 1, 3, 3, 2, 3, 3, 1, 2, 3)",3
81,"(1, 2, 2, 1, 3, 3, 2, 3, 3, 1, 3, 3)",1
82,"(1, 2, 3, 3, 2, 1, 2, 3, 3, 1, 2, 3)",1
83,"(1, 2, 2, 2, 2, 1, 3, 3, 3, 3, 2, 3)",1
84,"(1, 2, 2, 2, 2, 1, 2, 3, 3, 1, 2, 3)",1
85,"(1, 2, 3, 2, 2, 2, 2, 3, 3, 2, 2, 3)",1
86,"(1, 2, 2, 1, 3, 2, 2, 3, 3, 1, 2, 3)",2
87,"(1, 2, 2, 2, 2, 1, 3, 3, 3, 2, 2, 3)",1
88,"(2, 3, 1, 1, 3, 1, 2, 3, 3, 1, 2, 3)",2
89,"(1, 2, 3, 2, 3, 3, 2, 3, 3, 1, 2, 3)",1
90,"(1, 2, 1, 1, 2, 1, 2, 3, 3, 2, 2, 3)",1
91,"(2, 3, 2, 2, 2, 2, 1, 2, 3, 1, 2, 3)",1
92,"(1, 2, 3, 1, 3, 3, 3, 3, 3, 3, 2, 3)",3
93,"(1, 2, 1, 1, 3, 1, 3, 3, 3, 3, 2, 3)",1
94,"(1, 2, 1, 1, 3, 2, 1, 3, 3, 1, 2, 3)",1
95,"(1, 3, 1, 1, 3, 2, 3, 3, 3, 2, 3, 3)",1
96,"(2, 3, 3, 2, 2, 2, 1, 2, 3, 1, 2, 3)",1
97,"(1, 2, 3, 2, 2, 2, 3, 3, 3, 3, 2, 3)",1
98,"(1, 3, 1, 1, 3, 1, 3, 3, 3, 2, 2, 3)",1
99,"(1, 2, 2, 1, 3, 3, 3, 3, 3, 2, 2, 3)",1
100,"(1, 2, 3, 1, 2, 3, 3, 3, 3, 2, 2, 3)",1
101,"(2, 3, 1, 1, 2, 1, 3, 3, 3, 3, 2, 3)",1
102,"(1, 2, 2, 1, 2, 2, 3, 3, 3, 3, 2, 3)",1
103,"(1, 2, 3, 2, 2, 2, 2, 3, 3, 1, 2, 3)",1
104,"(1, 2, 2, 1, 3, 3, 1, 2, 3, 1, 2, 3)",1
105,"(2, 3, 3, 3, 2, 1, 1, 2, 3, 1, 3, 3)",1
106,"(3, 3, 1, 1, 2, 1, 1, 3, 3, 1, 2, 3)",1
107,"(1, 2, 2, 1, 3, 3, 2, 3, 3, 2, 3, 3)",1
108,"(1, 2, 2, 1, 2, 2, 3, 3, 3, 2, 2, 3)",1
109,"(2, 3, 3, 1, 3, 3, 1, 3, 3, 1, 2, 3)",1
110,"(2, 3, 1, 1, 3, 2, 2, 3, 3, 1, 2, 3)",1
111,"(2, 3, 1, 1, 3, 2, 1, 3, 3, 1, 2, 3)",1
112,"(2, 3, 1, 1, 3, 2, 3, 3, 3, 2, 2, 3)",3
113,"(2, 3, 1, 1, 3, 2, 2, 3, 3, 1, 3, 3)",1
114,"(1, 2, 3, 1, 2, 3, 2, 3, 3, 2, 2, 3)",2
115,"(2, 3, 3, 2, 2, 1, 1, 2, 3, 1, 2, 3)",1
116,"(3, 3, 2, 2, 2, 1, 1, 3, 3, 1, 2, 3)",1
117,"(1, 2, 3, 3, 2, 1, 3, 3, 3, 3, 2, 3)",1
118,"(1, 2, 3, 2, 2, 3, 2, 3, 3, 2, 2, 3)",1
119,"(1, 2, 2, 2, 2, 2, 2, 3, 3, 2, 2, 3)",1
120,"(1, 2, 3, 1, 3, 3, 2, 3, 3, 1, 2, 3)",2
121,"(1, 2, 1, 1, 3, 1, 2, 3, 3, 1, 2, 3)",1
122,"(2, 3, 3, 1, 2, 3, 1, 2, 3, 1, 3, 3)",1
123,"(1, 2, 3, 2, 2, 1, 1, 3, 3, 1, 2, 3)",1
124,"(2, 3, 1, 1, 3, 1, 2, 3, 3, 2, 2, 3)",1
125,"(1, 2, 2, 2, 3, 2, 1, 3, 3, 1, 2, 3)",1
126,"(1, 3, 1, 1, 3, 1, 2, 3, 3, 1, 2, 3)",1
127,"(1, 2, 2, 1, 2, 1, 3, 3, 3, 3, 2, 3)",1
128,"(1, 2, 2, 1, 3, 3, 2, 3, 3, 1, 2, 3)",1
129,"(2, 2, 3, 3, 2, 1, 2, 3, 3, 1, 2, 3)",1
130,"(1, 2, 3, 3, 2, 1, 1, 3, 3, 1, 2, 3)",1
131,"(1, 2, 3, 3, 2, 1, 3, 3, 3, 2, 2, 3)",1
132,"(1, 2, 3, 3, 2, 1, 3, 3, 3, 2, 3, 3)",1
133,"(1, 2, 3, 2, 2, 2, 2, 2, 3, 2, 2, 3)",1
134,"(2, 3, 1, 1, 3, 2, 3, 3, 3, 3, 3, 3)",1
135,"(2, 3, 1, 1, 3, 1, 3, 3, 3, 2, 2, 3)",1
136,"(2, 3, 1, 1, 3, 2, 3, 3, 3, 3, 2, 3)",1
137,"(1, 2, 2, 1, 3, 2, 1, 3, 3, 1, 2, 3)",1
138,"(1, 2, 3, 2, 2, 2, 3, 3, 3, 3, 2, 3)",1
139,"(1, 2, 1, 2, 2, 1, 2, 3, 3, 1, 2, 3)",1
140,"(2, 3, 1, 1, 3, 1, 2, 3, 3, 1, 2, 3)",2
141,"(1, 2, 3, 2, 2, 1, 2, 3, 3, 1, 2, 3)",1
142,"(1, 2, 3, 2, 3, 3, 2, 3, 3, 1, 2, 3)",1
143,"(1, 2, 1, 1, 2, 1, 2, 3, 3, 2, 2, 3)",1
144,"(1, 2, 3, 1, 3, 3, 3, 3, 3, 3, 2, 3)",1
145,"(1, 2, 1, 1, 3, 2, 2, 3, 3, 1, 2, 3)",1
146,"(2, 3, 1, 1, 2, 1, 3, 3, 3, 2, 2, 3)",1
147,"(1, 2, 2, 1, 3, 3, 1, 3, 3, 1, 2, 3)",3
148,"(1, 2, 3, 2, 3, 2, 2, 3, 3, 1, 2, 3)",1
149,"(1, 3, 3, 1, 3, 3, 1, 2, 3, 1, 2, 3)",1
150,"(1, 2, 3, 3, 3, 2, 1, 3, 3, 1, 2, 3)",1
151,"(1, 2, 2, 1, 3, 3, 3, 3, 3, 2, 2, 3)",1
152,"(2, 3, 1, 1, 2, 1, 3, 3, 3, 3, 2, 3)",1
153,"(1, 2, 3, 1, 3, 3, 2, 3, 3, 2, 3, 3)",1
154,"(1, 2, 3, 1, 3, 3, 2, 3, 3, 1, 3, 3)",1
155,"(1, 2, 3, 2, 2, 2, 3, 2, 3, 3, 3, 3)",1
156,"(1, 2, 2, 1, 2, 1, 2, 3, 3, 1, 2, 3)",1
157,"(1, 2, 1, 1, 2, 1, 2, 3, 3, 1, 2, 3)",1
158,"(2, 2, 3, 1, 3, 3, 1, 3, 3, 1, 2, 3)",1
159,"(1, 2, 1, 1, 3, 1, 2, 3, 3, 2, 2, 3)",1
160,"(1, 2, 2, 2, 2, 1, 1, 3, 3, 1, 2, 3)",3
161,"(2, 3, 3, 2, 2, 3, 1, 2, 3, 1, 3, 3)",1
162,"(1, 3, 1, 1, 3, 1, 2, 3, 3, 2, 2, 3)",1
163,"(1, 2, 1, 1, 3, 2, 2, 3, 3, 2, 2, 3)",1
164,"(1, 2, 2, 1, 3, 2, 3, 3, 3, 3, 2, 3)",1
165,"(1, 3, 3, 1, 3, 3, 1, 2, 3, 1, 2, 3)",1
166,"(2, 2, 3, 3, 2, 1, 2, 3, 3, 1, 2, 3)",1
167,"(2, 3, 1, 1, 3, 2, 1, 3, 3, 1, 2, 3)",1
168,"(1, 3, 2, 1, 2, 2, 1, 2, 3, 2, 3, 3)",1
169,"(1, 2, 3, 2, 2, 3, 2, 3, 3, 1, 2, 3)",1
170,"(2, 2, 2, 3, 2, 1, 3, 3, 3, 3, 2, 3)",1
171,"(1, 2, 3, 1, 3, 3, 3, 3, 3, 2, 2, 3)",2
172,"(1, 2, 2, 1, 2, 2, 2, 3, 3, 3, 2, 3)",1
173,"(1, 2, 2, 2, 2, 1, 2, 3, 3, 2, 2, 3)",2
174,"(1, 2, 3, 1, 3, 3, 2, 3, 3, 1, 2, 3)",2
175,"(2, 3, 2, 1, 2, 1, 1, 3, 3, 1, 2, 3)",1
176,"(1, 2, 1, 1, 3, 1, 2, 3, 3, 1, 2, 3)",1
177,"(1, 2, 3, 1, 2, 3, 3, 3, 3, 3, 2, 3)",1
178,"(1, 3, 1, 1, 3, 2, 3, 3, 3, 3, 2, 3)",1
179,"(2, 3, 1, 1, 3, 2, 2, 3, 3, 2, 2, 3)",2
180,"(1, 3, 1, 1, 3, 1, 2, 3, 3, 1, 2, 3)",1
181,"(1, 2, 2, 1, 2, 1, 3, 3, 3, 3, 2, 3)",1
182,"(3, 3, 1, 1, 3, 2, 2, 3, 3, 1, 2, 3)",1
183,"(1, 2, 2, 1, 3, 3, 2, 3, 3, 1, 2, 3)",1
184,"(1, 2, 2, 1, 3, 2, 1, 2, 3, 1, 2, 3)",1
185,"(2, 3, 2, 2, 2, 1, 1, 2, 3, 1, 2, 3)",1
186,"(1, 2, 1, 1, 3, 1, 2, 3, 3, 3, 2, 3)",1
187,"(1, 2, 1, 2, 3, 1, 2, 3, 3, 1, 2, 3)",1
188,"(1, 2, 2, 2, 2, 1, 3, 3, 3, 3, 2, 3)",1
189,"(1, 2, 3, 3, 2, 1, 3, 3, 3, 2, 2, 3)",2
190,"(1, 2, 3, 3, 2, 1, 3, 3, 3, 2, 3, 3)",1
191,"(1, 2, 2, 2, 2, 1, 2, 3, 3, 1, 2, 3)",2
192,"(2, 3, 1, 1, 3, 1, 3, 3, 3, 2, 2, 3)",1
193,"(2, 3, 1, 1, 3, 2, 3, 3, 3, 3, 2, 3)",2
194,"(2, 3, 1, 1, 3, 1, 2, 3, 3, 1, 3, 3)",1
195,"(2, 3, 1, 1, 3, 1, 1, 3, 3, 1, 2, 3)",2
196,"(1, 2, 2, 2, 2, 2, 3, 3, 3, 3, 3, 3)",1
197,"(1, 2, 3, 2, 3, 3, 1, 3, 3, 1, 2, 3)",2
198,"(1, 2, 1, 1, 3, 2, 1, 3, 3, 1, 2, 3)",1
199,"(1, 2, 1, 1, 3, 2, 3, 3, 3, 2, 2, 3)",1
200,"(1, 2, 2, 1, 3, 3, 1, 3, 3, 1, 2, 3)",1
201,"(1, 2, 3, 3, 2, 1, 2, 3, 3, 2, 2, 3)",1
202,"(1, 2, 1, 1, 3, 2, 3, 3, 3, 2, 3, 3)",1
203,"(1, 2, 3, 3, 3, 2, 2, 3, 3, 1, 2, 3)",1
204,"(1, 2, 2, 1, 3, 3, 3, 3, 3, 2, 2, 3)",1
205,"(2, 3, 1, 1, 2, 1, 1, 2, 3, 1, 2, 3)",2
206,"(2, 3, 3, 3, 2, 1, 1, 2, 3, 1, 2, 3)",1
207,"(1, 2, 3, 3, 2, 1, 3, 3, 3, 3, 2, 3)",3
208,"(1, 3, 2, 1, 3, 3, 1, 2, 3, 1, 2, 3)",1
209,"(1, 2, 3, 1, 3, 3, 3, 3, 3, 3, 3, 3)",2
210,"(1, 2, 2, 2, 2, 1, 1, 3, 3, 1, 3, 3)",1
211,"(1, 2, 2, 2, 2, 1, 2, 3, 3, 1, 2, 3)",2
212,"(1, 3, 1, 1, 3, 1, 2, 3, 3, 2, 2, 3)",1
213,"(1, 2, 1, 1, 3, 2, 2, 3, 3, 2, 2, 3)",1
214,"(1, 2, 2, 1, 2, 2, 3, 3, 3, 2, 2, 3)",1
215,"(1, 2, 2, 1, 3, 3, 2, 3, 3, 2, 2, 3)",2
216,"(1, 2, 1, 2, 2, 1, 2, 3, 3, 2, 2, 3)",1
217,"(2, 2, 3, 3, 2, 1, 3, 3, 3, 2, 2, 3)",1
218,"(2, 3, 3, 1, 3, 3, 1, 3, 3, 1, 2, 3)",1
219,"(2, 3, 1, 1, 3, 1, 3, 3, 3, 3, 2, 3)",2
220,"(2, 3, 1, 1, 3, 2, 3, 3, 3, 2, 2, 3)",1
221,"(3, 3, 1, 1, 2, 1, 3, 2, 3, 3, 2, 3)",1
222,"(1, 2, 3, 3, 2, 1, 3, 2, 3, 3, 3, 3)",1
223,"(1, 3, 1, 1, 3, 2, 2, 3, 3, 1, 2, 3)",1
224,"(1, 2, 3, 3, 2, 1, 2, 3, 3, 1, 2, 3)",2
225,"(2, 3, 3, 3, 2, 1, 1, 2, 3, 1, 3, 3)",1
226,"(1, 2, 1, 1, 3, 2, 3, 3, 3, 3, 3, 3)",1
227,"(1, 2, 1, 1, 3, 2, 3, 3, 3, 3, 2, 3)",2
228,"(2, 3, 2, 2, 2, 1, 1, 2, 3, 1, 2, 3)",1
229,"(1, 2, 2, 2, 2, 1, 2, 3, 3, 2, 2, 3)",1
230,"(1, 2, 1, 1, 3, 1, 2, 3, 3, 1, 2, 3)",1
231,"(2, 3, 3, 1, 2, 3, 1, 2, 3, 1, 2, 3)",1
232,"(1, 2, 2, 1, 3, 3, 3, 3, 3, 3, 2, 3)",1
233,"(1, 2, 2, 1, 3, 2, 2, 3, 3, 2, 2, 3)",1
234,"(2, 3, 3, 1, 2, 3, 1, 2, 3, 1, 3, 3)",1
235,"(1, 3, 1, 1, 3, 2, 3, 3, 3, 3, 2, 3)",1
236,"(2, 3, 2, 1, 3, 3, 1, 2, 3, 1, 3, 3)",1
237,"(1, 2, 3, 3, 3, 1, 2, 3, 3, 1, 2, 3)",1
238,"(1, 2, 3, 3, 2, 1, 1, 3, 3, 1, 2, 3)",1
239,"(2, 3, 1, 1, 3, 2, 2, 3, 3, 2, 2, 3)",1
240,"(1, 2, 2, 3, 2, 1, 3, 3, 3, 3, 2, 3)",1
241,"(1, 2, 2, 1, 3, 3, 2, 3, 3, 1, 2, 3)",2
242,"(1, 2, 2, 1, 3, 3, 2, 3, 3, 1, 3, 3)",1
243,"(1, 2, 3, 3, 2, 1, 1, 3, 3, 1, 3, 3)",1
244,"(1, 2, 1, 1, 3, 2, 1, 2, 3, 2, 3, 3)",1
245,"(1, 2, 2, 2, 2, 1, 3, 3, 3, 3, 2, 3)",2
246,"(1, 2, 3, 3, 2, 1, 3, 3, 3, 2, 2, 3)",1
247,"(1, 2, 3, 2, 2, 3, 2, 2, 3, 2, 3, 3)",1
248,"(1, 3, 1, 1, 3, 2, 2, 3, 3, 2, 2, 3)",1
249,"(1, 2, 3, 2, 2, 2, 3, 3, 3, 3, 2, 3)",2
250,"(1, 2, 2, 1, 3, 2, 1, 3, 3, 1, 2, 3)",1
251,"(1, 2, 2, 1, 3, 2, 2, 3, 3, 1, 2, 3)",1
252,"(2, 3, 1, 1, 3, 1, 2, 3, 3, 1, 2, 3)",1
253,"(3, 3, 3, 3, 2, 1, 1, 3, 3, 1, 2, 3)",1
254,"(1, 2, 1, 1, 2, 1, 2, 3, 3, 2, 2, 3)",1
255,"(2, 3, 1, 1, 3, 2, 2, 2, 3, 3, 3, 3)",1
256,"(1, 3, 1, 1, 3, 1, 1, 3, 3, 1, 2, 3)",1
257,"(2, 3, 1, 1, 2, 1, 1, 3, 3, 1, 2, 3)",1
258,"(1, 2, 3, 3, 2, 1, 2, 3, 3, 2, 2, 3)",2
259,"(1, 3, 1, 1, 3, 2, 1, 3, 3, 1, 2, 3)",1
260,"(1, 2, 3, 2, 3, 2, 2, 3, 3, 1, 2, 3)",1
261,"(1, 2, 1, 1, 2, 1, 3, 3, 3, 3, 2, 3)",2
262,"(2, 3, 3, 3, 2, 1, 1, 3, 3, 1, 2, 3)",1
263,"(1, 2, 2, 2, 3, 1, 1, 3, 3, 1, 2, 3)",1
264,"(1, 2, 1, 1, 3, 2, 1, 2, 3, 1, 3, 3)",1
265,"(1, 2, 3, 3, 2, 1, 3, 3, 3, 3, 3, 3)",1
266,"(1, 2, 3, 3, 2, 2, 3, 3, 3, 2, 2, 3)",1
267,"(1, 2, 3, 3, 2, 1, 3, 3, 3, 3, 2, 3)",1
268,"(1, 2, 3, 1, 3, 3, 2, 3, 3, 2, 2, 3)",1
269,"(1, 2, 1, 1, 3, 1, 2, 3, 3, 2, 2, 3)",1
270,"(1, 2, 1, 1, 3, 2, 2, 3, 3, 1, 2, 3)",1
271,"(1, 2, 2, 1, 3, 2, 3, 3, 3, 3, 3, 3)",1
272,"(2, 3, 1, 1, 2, 1, 2, 3, 3, 2, 2, 3)",1
273,"(1, 2, 2, 1, 3, 2, 3, 3, 3, 3, 2, 3)",1
274,"(1, 2, 3, 1, 3, 3, 1, 2, 3, 1, 2, 3)",1
275,"(2, 3, 1, 1, 2, 1, 3, 3, 3, 2, 2, 3)",1
276,"(2, 3, 1, 1, 3, 2, 3, 3, 3, 2, 2, 3)",1
277,"(1, 2, 2, 2, 3, 2, 2, 3, 3, 1, 2, 3)",1
278,"(1, 2, 3, 1, 2, 3, 2, 3, 3, 2, 2, 3)",1
279,"(1, 2, 3, 2, 2, 2, 2, 3, 3, 1, 3, 3)",1
280,"(2, 3, 1, 1, 3, 2, 1, 2, 3, 1, 2, 3)",1
281,"(1, 2, 1, 1, 3, 2, 3, 3, 3, 3, 2, 3)",1
282,"(1, 2, 3, 1, 3, 3, 2, 3, 3, 1, 3, 3)",1
283,"(1, 2, 3, 1, 3, 3, 1, 3, 3, 1, 2, 3)",2
284,"(1, 2, 3, 2, 2, 2, 1, 3, 3, 1, 2, 3)",1
285,"(1, 2, 1, 1, 3, 1, 1, 3, 3, 1, 2, 3)",1
286,"(1, 2, 1, 1, 3, 1, 2, 3, 3, 1, 2, 3)",2
287,"(2, 3, 2, 1, 3, 3, 1, 2, 3, 1, 3, 3)",1
288,"(2, 3, 1, 1, 3, 1, 2, 3, 3, 2, 2, 3)",1
289,"(2, 3, 2, 2, 2, 1, 1, 3, 3, 1, 2, 3)",1
290,"(2, 3, 1, 1, 3, 2, 2, 3, 3, 2, 2, 3)",1
291,"(2, 3, 3, 1, 3, 3, 1, 2, 3, 1, 2, 3)",1
292,"(1, 2, 2, 1, 3, 3, 2, 3, 3, 1, 3, 3)",1
293,"(1, 2, 2, 2, 2, 1, 3, 3, 3, 3, 2, 3)",1
294,"(1, 2, 3, 3, 2, 1, 3, 3, 3, 2, 2, 3)",2
295,"(1, 2, 3, 3, 2, 1, 2, 3, 3, 1, 3, 3)",1
296,"(1, 2, 1, 1, 3, 1, 1, 2, 3, 2, 3, 3)",1
297,"(1, 2, 2, 2, 2, 1, 2, 3, 3, 1, 2, 3)",2
298,"(1, 2, 3, 1, 3, 3, 2, 2, 3, 3, 2, 3)",1
299,"(1, 2, 3, 2, 2, 2, 2, 3, 3, 2, 2, 3)",1
300,"(1, 2, 3, 3, 2, 1, 3, 3, 3, 2, 3, 3)",1
301,"(1, 2, 3, 2, 2, 2, 3, 3, 3, 2, 2, 3)",1
302,"(2, 3, 3, 1, 3, 3, 1, 3, 3, 1, 2, 3)",1
303,"(1, 2, 2, 1, 2, 2, 1, 2, 3, 1, 2, 3)",1
304,"(2, 3, 3, 2, 2, 2, 1, 3, 3, 1, 2, 3)",1
305,"(2, 3, 1, 1, 3, 1, 1, 3, 3, 1, 2, 3)",1
306,"(1, 2, 2, 1, 2, 1, 2, 3, 3, 2, 2, 3)",1
307,"(1, 2, 3, 2, 3, 3, 2, 3, 3, 1, 2, 3)",2
308,"(1, 2, 3, 1, 3, 3, 3, 3, 3, 3, 2, 3)",2
309,"(1, 2, 1, 1, 3, 1, 3, 3, 3, 3, 2, 3)",2
310,"(3, 3, 1, 1, 2, 1, 2, 3, 3, 1, 2, 3)",1
311,"(1, 2, 1, 1, 3, 2, 3, 3, 3, 2, 2, 3)",2
312,"(1, 2, 2, 1, 3, 3, 1, 3, 3, 1, 2, 3)",1
313,"(2, 3, 3, 2, 2, 2, 1, 2, 3, 1, 2, 3)",1
314,"(1, 2, 3, 3, 2, 2, 2, 3, 3, 2, 2, 3)",1
315,"(1, 2, 3, 1, 2, 3, 2, 3, 3, 1, 2, 3)",1
316,"(1, 2, 1, 1, 3, 2, 1, 2, 3, 1, 2, 3)",1
317,"(1, 2, 3, 2, 2, 2, 2, 3, 3, 1, 2, 3)",1
318,"(1, 2, 2, 1, 3, 3, 1, 2, 3, 1, 2, 3)",1
319,"(1, 2, 3, 3, 2, 1, 3, 3, 3, 3, 2, 3)",4
320,"(1, 2, 3, 1, 3, 3, 2, 3, 3, 2, 2, 3)",1
321,"(1, 2, 2, 2, 2, 1, 1, 3, 3, 1, 3, 3)",1
322,"(1, 2, 1, 1, 2, 1, 3, 3, 3, 2, 2, 3)",1
323,"(2, 3, 1, 1, 2, 1, 1, 3, 3, 1, 2, 3)",1
324,"(2, 3, 1, 1, 3, 2, 2, 3, 3, 1, 2, 3)",2
325,"(2, 3, 1, 1, 3, 1, 3, 3, 3, 3, 2, 3)",1
326,"(1, 3, 2, 2, 2, 1, 1, 2, 3, 1, 2, 3)",2
327,"(2, 3, 1, 1, 3, 2, 3, 3, 3, 2, 2, 3)",1
328,"(2, 3, 1, 1, 3, 2, 2, 3, 3, 1, 3, 3)",1
329,"(1, 2, 3, 3, 2, 1, 1, 2, 3, 1, 3, 3)",1
330,"(1, 2, 3, 3, 2, 1, 3, 2, 3, 3, 3, 3)",1
331,"(2, 3, 2, 1, 3, 2, 1, 2, 3, 1, 2, 3)",1
332,"(3, 3, 3, 3, 2, 2, 1, 3, 3, 1, 2, 3)",1
333,"(1, 2, 2, 1, 2, 1, 2, 3, 3, 1, 2, 3)",1
334,"(1, 2, 2, 1, 2, 2, 3, 3, 3, 2, 2, 3)",1
335,"(1, 2, 3, 2, 2, 1, 1, 2, 3, 1, 3, 3)",1
336,"(1, 2, 1, 1, 3, 1, 3, 3, 3, 2, 2, 3)",1
337,"(3, 3, 1, 1, 2, 1, 3, 3, 3, 3, 2, 3)",1
338,"(1, 2, 1, 1, 3, 1, 2, 3, 3, 1, 3, 3)",1
339,"(1, 2, 2, 2, 2, 1, 2, 3, 3, 2, 2, 3)",1
340,"(1, 2, 3, 3, 2, 1, 2, 3, 3, 3, 2, 3)",1
341,"(1, 2, 3, 2, 2, 3, 1, 2, 3, 2, 3, 3)",1
342,"(2, 3, 1, 1, 3, 1, 2, 3, 3, 2, 2, 3)",1
343,"(1, 2, 3, 3, 2, 1, 3, 3, 3, 3, 3, 3)",1
344,"(2, 3, 1, 1, 3, 2, 2, 3, 3, 2, 2, 3)",1
345,"(1, 3, 1, 1, 3, 1, 2, 3, 3, 1, 2, 3)",2
346,"(1, 2, 1, 1, 2, 1, 2, 3, 3, 1, 2, 3)",1
347,"(1, 2, 2, 1, 3, 3, 2, 3, 3, 1, 2, 3)",3
348,"(1, 2, 2, 1, 2, 2, 2, 3, 3, 1, 3, 3)",1
349,"(2, 3, 1, 1, 2, 1, 3, 2, 3, 3, 2, 3)",1
350,"(2, 3, 2, 2, 2, 1, 1, 2, 3, 1, 2, 3)",1
351,"(2, 3, 1, 1, 3, 1, 1, 2, 3, 1, 2, 3)",1
352,"(1, 2, 3, 3, 2, 1, 2, 3, 3, 1, 2, 3)",2
353,"(1, 2, 3, 3, 2, 1, 3, 3, 3, 2, 3, 3)",1
354,"(1, 3, 1, 1, 3, 1, 2, 3, 3, 3, 2, 3)",1
355,"(2, 3, 3, 2, 2, 1, 1, 2, 3, 1, 2, 3)",1
356,"(1, 2, 2, 1, 3, 2, 1, 3, 3, 1, 2, 3)",2
357,"(1, 2, 2, 1, 3, 2, 2, 3, 3, 1, 2, 3)",1
358,"(2, 3, 1, 1, 3, 1, 2, 3, 3, 1, 2, 3)",1
359,"(1, 2, 3, 2, 3, 3, 1, 3, 3, 1, 2, 3)",2
360,"(1, 2, 1, 1, 3, 2, 2, 3, 3, 1, 2, 3)",1
361,"(1, 2, 1, 1, 3, 2, 1, 3, 3, 1, 2, 3)",1
362,"(1, 2, 2, 1, 3, 3, 1, 3, 3, 1, 2, 3)",2
363,"(1, 2, 3, 3, 2, 1, 2, 3, 3, 2, 2, 3)",2
364,"(1, 2, 3, 2, 3, 2, 2, 3, 3, 1, 2, 3)",1
365,"(2, 3, 1, 1, 2, 1, 1, 2, 3, 1, 2, 3)",1
366,"(1, 2, 1, 1, 2, 1, 3, 3, 3, 3, 2, 3)",1
367,"(3, 3, 3, 2, 2, 2, 1, 3, 3, 1, 2, 3)",1
368,"(2, 3, 3, 3, 2, 1, 1, 2, 3, 1, 2, 3)",1
369,"(1, 2, 2, 1, 3, 3, 1, 2, 3, 1, 2, 3)",1
370,"(2, 3, 3, 3, 2, 1, 1, 2, 3, 1, 3, 3)",1
371,"(1, 2, 3, 1, 3, 3, 2, 3, 3, 2, 2, 3)",1
372,"(2, 3, 1, 1, 3, 1, 3, 2, 3, 3, 2, 3)",1
373,"(1, 2, 1, 1, 3, 1, 2, 3, 3, 2, 2, 3)",2
374,"(1, 2, 3, 3, 2, 2, 2, 3, 3, 1, 2, 3)",1
375,"(1, 2, 2, 2, 2, 1, 3, 3, 3, 2, 2, 3)",1
376,"(1, 2, 2, 2, 2, 1, 2, 3, 3, 1, 3, 3)",1
377,"(1, 2, 2, 1, 3, 3, 2, 3, 3, 2, 3, 3)",1
378,"(1, 2, 2, 1, 3, 3, 2, 3, 3, 2, 2, 3)",1
379,"(2, 2, 3, 3, 2, 1, 1, 3, 3, 1, 2, 3)",1
380,"(2, 3, 1, 1, 3, 2, 3, 3, 3, 2, 2, 3)",1
381,"(2, 3, 2, 1, 3, 3, 1, 3, 3, 1, 2, 3)",1
382,"(1, 3, 1, 1, 3, 2, 3, 2, 3, 3, 3, 3)",1
383,"(1, 2, 3, 1, 3, 3, 3, 3, 3, 2, 3, 3)",2
384,"(1, 2, 3, 3, 2, 1, 2, 3, 3, 1, 2, 3)",1
385,"(1, 2, 3, 3, 2, 1, 2, 2, 3, 3, 3, 3)",1
386,"(1, 2, 3, 3, 2, 1, 3, 3, 3, 3, 2, 3)",1
387,"(2, 3, 1, 1, 3, 2, 1, 2, 3, 1, 2, 3)",1
388,"(3, 3, 1, 1, 2, 1, 3, 3, 3, 3, 2, 3)",1
389,"(1, 2, 3, 2, 2, 1, 1, 2, 3, 1, 2, 3)",1
390,"(1, 3, 3, 2, 2, 2, 1, 2, 3, 1, 2, 3)",1
391,"(3, 3, 1, 2, 2, 1, 3, 3, 3, 3, 2, 3)",1
392,"(1, 2, 3, 1, 3, 3, 2, 3, 3, 1, 2, 3)",1
393,"(1, 2, 3, 2, 2, 2, 1, 3, 3, 1, 2, 3)",2
394,"(1, 2, 3, 1, 3, 3, 1, 3, 3, 1, 3, 3)",1
395,"(2, 3, 1, 2, 2, 1, 2, 3, 3, 1, 2, 3)",1
396,"(1, 2, 1, 1, 3, 1, 2, 3, 3, 1, 2, 3)",1
397,"(2, 3, 3, 1, 2, 3, 1, 2, 3, 1, 2, 3)",1
398,"(1, 2, 2, 1, 3, 3, 3, 3, 3, 3, 2, 3)",1
399,"(1, 2, 2, 1, 3, 2, 2, 3, 3, 2, 2, 3)",1
400,"(3, 3, 2, 1, 3, 3, 1, 3, 3, 1, 2, 3)",1
401,"(2, 3, 1, 1, 3, 1, 2, 3, 3, 2, 2, 3)",2
402,"(1, 3, 1, 1, 3, 1, 2, 3, 3, 1, 2, 3)",2
403,"(2, 2, 2, 1, 3, 3, 1, 3, 3, 1, 2, 3)",1
404,"(1, 2, 2, 2, 2, 1, 3, 3, 3, 3, 2, 3)",1
405,"(1, 2, 3, 1, 2, 3, 3, 2, 3, 3, 2, 3)",1
406,"(1, 2, 3, 3, 2, 2, 3, 3, 3, 3, 3, 3)",1
407,"(1, 2, 2, 1, 2, 1, 2, 3, 3, 1, 2, 3)",1
408,"(1, 2, 3, 1, 3, 3, 3, 3, 3, 3, 3, 3)",1
409,"(2, 3, 1, 1, 3, 1, 3, 3, 3, 2, 3, 3)",1
410,"(1, 2, 3, 2, 2, 2, 2, 3, 3, 2, 2, 3)",2
411,"(1, 2, 3, 3, 3, 3, 1, 3, 3, 1, 2, 3)",1
412,"(1, 2, 2, 1, 3, 2, 2, 3, 3, 1, 2, 3)",1
413,"(2, 3, 1, 1, 3, 1, 2, 3, 3, 1, 2, 3)",1
414,"(1, 2, 3, 2, 3, 3, 2, 3, 3, 1, 2, 3)",1
415,"(3, 3, 3, 3, 2, 1, 1, 3, 3, 1, 2, 3)",1
416,"(1, 2, 1, 1, 2, 1, 2, 3, 3, 2, 2, 3)",1
417,"(1, 2, 3, 1, 3, 3, 3, 3, 3, 3, 2, 3)",1
418,"(2, 3, 1, 1, 2, 1, 3, 3, 3, 3, 3, 3)",1
419,"(1, 3, 1, 1, 3, 1, 1, 3, 3, 1, 2, 3)",1
420,"(1, 2, 1, 1, 3, 2, 2, 3, 3, 1, 2, 3)",2
421,"(1, 2, 1, 1, 3, 2, 1, 3, 3, 1, 2, 3)",1
422,"(1, 2, 1, 1, 3, 1, 3, 3, 3, 3, 3, 3)",1
423,"(1, 2, 3, 2, 2, 2, 3, 3, 3, 3, 2, 3)",2
424,"(1, 2, 3, 3, 3, 2, 2, 3, 3, 1, 2, 3)",1
425,"(1, 2, 3, 1, 2, 3, 2, 3, 3, 1, 2, 3)",1
426,"(2, 3, 1, 1, 2, 1, 1, 2, 3, 1, 2, 3)",1
427,"(1, 2, 3, 2, 2, 2, 2, 3, 3, 1, 2, 3)",1
428,"(1, 2, 2, 1, 3, 2, 3, 2, 3, 3, 3, 3)",1
429,"(1, 2, 2, 1, 2, 1, 2, 3, 3, 1, 2, 3)",1
430,"(2, 3, 3, 1, 3, 3, 1, 2, 3, 1, 3, 3)",2
431,"(1, 2, 3, 1, 3, 3, 2, 3, 3, 2, 2, 3)",2
432,"(1, 2, 1, 1, 3, 1, 2, 3, 3, 2, 2, 3)",1
433,"(1, 2, 2, 2, 2, 1, 1, 3, 3, 1, 2, 3)",1
434,"(1, 2, 1, 1, 3, 1, 3, 3, 3, 3, 2, 3)",1
435,"(1, 2, 1, 1, 3, 2, 2, 3, 3, 2, 2, 3)",1
436,"(1, 2, 2, 1, 3, 2, 3, 3, 3, 3, 2, 3)",1
437,"(1, 2, 3, 1, 3, 3, 1, 2, 3, 1, 2, 3)",1
438,"(2, 3, 1, 1, 3, 2, 2, 3, 3, 1, 2, 3)",2
439,"(1, 2, 2, 2, 2, 1, 1, 2, 3, 1, 3, 3)",1
440,"(1, 3, 1, 1, 3, 2, 2, 3, 3, 1, 2, 3)",1
441,"(1, 2, 3, 3, 2, 1, 3, 3, 3, 3, 2, 3)",1
442,"(1, 2, 1, 1, 3, 2, 3, 3, 3, 3, 2, 3)",1
443,"(2, 3, 3, 1, 2, 2, 1, 3, 3, 1, 2, 3)",1
444,"(3, 3, 1, 2, 2, 1, 3, 3, 3, 3, 2, 3)",1
445,"(1, 2, 3, 1, 3, 3, 2, 3, 3, 1, 2, 3)",2
446,"(2, 3, 2, 1, 3, 3, 1, 2, 3, 1, 2, 3)",2
447,"(1, 2, 1, 1, 3, 1, 2, 3, 3, 1, 2, 3)",1
448,"(1, 2, 2, 1, 3, 2, 2, 2, 3, 2, 3, 3)",1
449,"(1, 2, 3, 1, 3, 3, 2, 2, 3, 2, 3, 3)",1
450,"(1, 2, 2, 2, 3, 2, 1, 3, 3, 1, 2, 3)",1
451,"(2, 3, 1, 1, 3, 2, 2, 3, 3, 2, 2, 3)",1
452,"(1, 2, 2, 1, 3, 2, 1, 2, 3, 1, 3, 3)",1
453,"(1, 2, 2, 1, 3, 3, 2, 3, 3, 1, 2, 3)",2
454,"(2, 3, 3, 1, 3, 3, 1, 2, 3, 1, 2, 3)",2
455,"(1, 2, 2, 1, 3, 3, 2, 3, 3, 1, 3, 3)",1
456,"(1, 2, 3, 3, 2, 1, 2, 3, 3, 1, 2, 3)",1
457,"(1, 2, 2, 2, 2, 1, 3, 3, 3, 3, 2, 3)",1
458,"(1, 2, 3, 3, 2, 1, 3, 3, 3, 2, 2, 3)",3
459,"(1, 2, 3, 3, 2, 1, 2, 3, 3, 1, 3, 3)",1
460,"(1, 2, 1, 1, 2, 1, 1, 2, 3, 1, 2, 3)",1
461,"(3, 3, 3, 3, 2, 1, 1, 2, 3, 1, 2, 3)",1
462,"(2, 3, 1, 1, 3, 2, 3, 3, 3, 3, 3, 3)",1
463,"(2, 3, 1, 1, 3, 1, 3, 3, 3, 2, 2, 3)",1
464,"(1, 2, 3, 3, 2, 2, 2, 3, 3, 1, 2, 3)",1
465,"(2, 3, 1, 1, 3, 2, 3, 3, 3, 3, 2, 3)",1
466,"(1, 2, 2, 1, 3, 2, 1, 3, 3, 1, 2, 3)",1
467,"(2, 3, 3, 2, 2, 2, 1, 3, 3, 1, 2, 3)",1
468,"(1, 2, 3, 3, 3, 1, 2, 3, 3, 1, 2, 3)",1
469,"(2, 3, 1, 1, 3, 1, 2, 3, 3, 1, 2, 3)",1
470,"(2, 3, 1, 1, 3, 1, 1, 3, 3, 1, 3, 3)",1
471,"(1, 2, 3, 1, 3, 3, 3, 3, 3, 3, 2, 3)",1
472,"(2, 3, 1, 1, 3, 2, 2, 2, 3, 3, 3, 3)",1
473,"(1, 2, 3, 1, 3, 3, 3, 3, 3, 3, 3, 3)",1
474,"(1, 2, 1, 1, 3, 2, 2, 3, 3, 1, 2, 3)",1
475,"(1, 2, 3, 3, 2, 1, 2, 3, 3, 2, 2, 3)",1
476,"(2, 3, 3, 1, 3, 3, 1, 2, 3, 2, 2, 3)",1
477,"(1, 2, 3, 3, 3, 2, 2, 3, 3, 1, 2, 3)",1
478,"(1, 2, 3, 1, 3, 3, 2, 2, 3, 3, 3, 3)",1
479,"(1, 2, 1, 1, 2, 1, 3, 3, 3, 3, 2, 3)",1
480,"(1, 2, 3, 2, 2, 3, 3, 3, 3, 3, 2, 3)",1
481,"(1, 2, 3, 1, 3, 3, 2, 3, 3, 2, 2, 3)",1
482,"(1, 2, 2, 1, 2, 1, 3, 3, 3, 2, 2, 3)",1
483,"(1, 2, 1, 1, 3, 1, 3, 3, 3, 3, 2, 3)",1
484,"(1, 2, 3, 2, 2, 3, 3, 3, 3, 2, 2, 3)",1
485,"(1, 2, 2, 1, 2, 2, 3, 3, 3, 2, 2, 3)",1
486,"(1, 2, 2, 1, 3, 3, 2, 3, 3, 2, 2, 3)",1
487,"(1, 2, 1, 1, 3, 2, 1, 3, 3, 1, 2, 3)",1
488,"(2, 3, 1, 1, 3, 2, 2, 3, 3, 1, 2, 3)",3
489,"(1, 2, 2, 1, 3, 2, 3, 3, 3, 3, 3, 3)",1
490,"(2, 3, 1, 1, 3, 1, 3, 3, 3, 3, 2, 3)",1
491,"(2, 3, 1, 1, 3, 2, 1, 3, 3, 1, 2, 3)",1
492,"(2, 3, 2, 1, 2, 1, 1, 2, 3, 1, 2, 3)",1
493,"(2, 3, 2, 1, 3, 2, 1, 2, 3, 2, 2, 3)",1
494,"(1, 2, 3, 1, 3, 3, 3, 3, 3, 2, 2, 3)",1
495,"(1, 2, 3, 3, 2, 1, 1, 2, 3, 2, 3, 3)",1
496,"(2, 3, 2, 1, 3, 3, 1, 2, 3, 1, 2, 3)",1
497,"(1, 2, 1, 1, 3, 1, 3, 3, 3, 2, 2, 3)",1
498,"(3, 3, 1, 1, 2, 1, 3, 3, 3, 3, 2, 3)",1
499,"(2, 3, 1, 1, 2, 1, 3, 3, 3, 3, 2, 3)",2
500,"(1, 2, 3, 1, 3, 3, 2, 3, 3, 1, 3, 3)",1
501,"(1, 2, 2, 2, 2, 1, 2, 3, 3, 2, 2, 3)",1
502,"(1, 2, 3, 1, 3, 3, 2, 3, 3, 1, 2, 3)",1
503,"(1, 2, 3, 2, 2, 2, 1, 3, 3, 1, 2, 3)",1
504,"(1, 2, 2, 1, 3, 3, 3, 3, 3, 3, 3, 3)",1
505,"(1, 2, 1, 1, 3, 1, 2, 3, 3, 1, 2, 3)",2
506,"(2, 3, 3, 3, 2, 2, 1, 3, 3, 1, 2, 3)",1
507,"(2, 3, 1, 1, 3, 2, 2, 3, 3, 2, 2, 3)",1
508,"(1, 3, 1, 1, 3, 1, 2, 3, 3, 1, 2, 3)",1
509,"(1, 2, 1, 1, 2, 1, 1, 3, 3, 1, 2, 3)",1
510,"(1, 2, 2, 1, 3, 3, 2, 3, 3, 1, 2, 3)",3
511,"(1, 2, 3, 2, 2, 2, 1, 2, 3, 1, 3, 3)",1
512,"(1, 2, 3, 3, 2, 1, 2, 3, 3, 1, 2, 3)",1
513,"(1, 2, 3, 3, 2, 1, 3, 3, 3, 2, 2, 3)",2
514,"(1, 2, 2, 1, 3, 2, 3, 3, 3, 2, 2, 3)",1
515,"(2, 3, 2, 1, 3, 3, 1, 2, 3, 2, 3, 3)",2
516,"(2, 3, 1, 1, 3, 2, 3, 3, 3, 3, 2, 3)",1
517,"(1, 2, 1, 1, 3, 2, 2, 3, 3, 3, 2, 3)",1
518,"(1, 2, 2, 2, 2, 1, 3, 3, 3, 2, 2, 3)",2
519,"(2, 3, 1, 1, 3, 1, 1, 3, 3, 1, 2, 3)",1
520,"(2, 3, 1, 1, 3, 1, 2, 3, 3, 1, 2, 3)",1
521,"(2, 3, 1, 1, 2, 1, 2, 3, 3, 1, 2, 3)",1
522,"(1, 2, 3, 2, 3, 3, 2, 3, 3, 1, 2, 3)",1
523,"(1, 3, 1, 1, 3, 2, 1, 2, 3, 1, 2, 3)",1
524,"(1, 2, 3, 1, 3, 3, 3, 3, 3, 3, 2, 3)",2
525,"(1, 2, 1, 1, 3, 2, 2, 3, 3, 1, 2, 3)",2
526,"(2, 3, 1, 1, 2, 1, 1, 3, 3, 1, 2, 3)",2
527,"(1, 2, 3, 3, 2, 1, 2, 2, 3, 2, 3, 3)",1
528,"(2, 2, 3, 3, 2, 1, 2, 3, 3, 2, 2, 3)",1
529,"(1, 2, 3, 2, 2, 2, 3, 3, 3, 3, 2, 3)",1
530,"(1, 2, 3, 2, 2, 1, 3, 3, 3, 3, 2, 3)",1
531,"(2, 3, 3, 1, 3, 3, 1, 2, 3, 2, 3, 3)",1
532,"(1, 2, 2, 1, 3, 3, 3, 3, 3, 2, 2, 3)",1
533,"(2, 3, 1, 1, 3, 1, 1, 2, 3, 2, 3, 3)",1
534,"(1, 3, 1, 1, 2, 1, 2, 3, 3, 2, 2, 3)",1
535,"(1, 2, 2, 1, 3, 3, 3, 3, 3, 2, 3, 3)",1
536,"(1, 2, 1, 1, 2, 1, 2, 3, 3, 2, 2, 3)",1
537,"(1, 2, 2, 1, 2, 2, 3, 3, 3, 3, 2, 3)",1
538,"(3, 3, 3, 2, 2, 2, 1, 3, 3, 1, 2, 3)",1
539,"(2, 3, 3, 3, 2, 1, 1, 2, 3, 1, 2, 3)",1
540,"(1, 2, 3, 1, 3, 3, 2, 3, 3, 2, 2, 3)",1
541,"(1, 2, 1, 1, 3, 1, 2, 3, 3, 2, 2, 3)",1
542,"(1, 2, 1, 1, 3, 1, 3, 3, 3, 3, 2, 3)",1
543,"(1, 2, 3, 2, 2, 3, 3, 3, 3, 2, 2, 3)",1
544,"(1, 2, 1, 1, 3, 2, 2, 3, 3, 2, 2, 3)",2
545,"(1, 2, 3, 2, 2, 1, 2, 3, 3, 2, 2, 3)",1
546,"(1, 2, 2, 1, 3, 3, 2, 3, 3, 2, 2, 3)",1
547,"(1, 2, 3, 1, 3, 2, 2, 3, 3, 1, 2, 3)",1
548,"(1, 2, 2, 2, 2, 1, 1, 2, 3, 1, 2, 3)",1
549,"(2, 3, 1, 1, 3, 2, 2, 3, 3, 1, 3, 3)",1
550,"(1, 2, 1, 1, 3, 3, 1, 2, 3, 1, 2, 3)",1
551,"(1, 3, 1, 1, 3, 2, 2, 3, 3, 1, 2, 3)",1
552,"(1, 3, 1, 1, 3, 2, 3, 2, 3, 3, 2, 3)",1
553,"(1, 2, 3, 1, 3, 3, 3, 3, 3, 2, 2, 3)",1
554,"(1, 2, 1, 1, 3, 1, 3, 3, 3, 2, 3, 3)",1
555,"(1, 2, 1, 1, 3, 1, 3, 3, 3, 2, 2, 3)",1
556,"(2, 3, 1, 1, 3, 1, 3, 3, 3, 3, 3, 3)",1
557,"(1, 2, 1, 1, 3, 2, 3, 3, 3, 3, 2, 3)",1
558,"(1, 2, 1, 1, 3, 3, 2, 3, 3, 2, 2, 3)",1
559,"(1, 3, 1, 1, 3, 1, 3, 3, 3, 3, 2, 3)",1
560,"(1, 2, 1, 1, 3, 1, 1, 3, 3, 1, 2, 3)",1
561,"(1, 2, 1, 1, 3, 1, 2, 3, 3, 1, 2, 3)",3
562,"(2, 3, 1, 1, 3, 2, 2, 2, 3, 2, 2, 3)",1
563,"(1, 2, 2, 1, 3, 3, 3, 3, 3, 3, 2, 3)",1
564,"(1, 3, 1, 1, 3, 2, 3, 3, 3, 3, 2, 3)",1
565,"(1, 3, 1, 1, 3, 2, 3, 3, 3, 3, 3, 3)",1
566,"(1, 2, 3, 2, 2, 2, 3, 3, 3, 2, 3, 3)",1
567,"(2, 3, 1, 1, 3, 2, 2, 3, 3, 2, 2, 3)",1
568,"(3, 3, 1, 1, 3, 2, 2, 3, 3, 1, 2, 3)",1
569,"(1, 2, 2, 1, 3, 3, 2, 3, 3, 1, 2, 3)",1
570,"(1, 2, 1, 1, 2, 1, 2, 3, 3, 1, 3, 3)",1
571,"(2, 3, 3, 3, 2, 1, 1, 3, 3, 1, 2, 3)",1
572,"(1, 2, 3, 2, 2, 3, 3, 2, 3, 3, 2, 3)",1
573,"(1, 2, 3, 3, 2, 1, 3, 3, 3, 2, 2, 3)",1
574,"(3, 3, 3, 3, 2, 2, 1, 3, 3, 1, 2, 3)",1
575,"(1, 2, 3, 3, 2, 1, 3, 3, 3, 2, 3, 3)",1
576,"(1, 2, 2, 2, 2, 1, 2, 3, 3, 1, 2, 3)",1
577,"(1, 2, 3, 1, 3, 3, 1, 3, 3, 2, 2, 3)",1
578,"(1, 2, 3, 2, 2, 2, 2, 3, 3, 2, 2, 3)",1
579,"(2, 3, 3, 1, 2, 2, 1, 2, 3, 2, 2, 3)",1
580,"(2, 3, 1, 1, 3, 2, 3, 3, 3, 3, 2, 3)",1
581,"(1, 2, 3, 1, 3, 3, 3, 2, 3, 3, 2, 3)",1
582,"(2, 3, 1, 1, 3, 1, 1, 3, 3, 1, 2, 3)",1
583,"(2, 3, 1, 1, 3, 1, 2, 3, 3, 1, 2, 3)",1
584,"(1, 3, 1, 1, 2, 1, 1, 3, 3, 1, 2, 3)",1
585,"(2, 3, 1, 1, 2, 1, 2, 3, 3, 1, 2, 3)",1
586,"(1, 2, 3, 2, 3, 3, 2, 3, 3, 1, 2, 3)",1
587,"(1, 2, 3, 3, 2, 1, 2, 2, 3, 2, 3, 3)",1
588,"(2, 2, 2, 3, 2, 1, 3, 3, 3, 2, 2, 3)",1
589,"(1, 2, 3, 3, 2, 2, 2, 3, 3, 2, 2, 3)",1
590,"(1, 2, 1, 1, 3, 2, 2, 3, 3, 1, 2, 3)",3
591,"(1, 2, 3, 3, 2, 1, 2, 3, 3, 2, 2, 3)",2
592,"(1, 3, 1, 1, 3, 2, 3, 3, 3, 2, 3, 3)",1
593,"(1, 2, 2, 1, 3, 3, 1, 3, 3, 1, 2, 3)",1
594,"(1, 2, 3, 2, 2, 2, 3, 3, 3, 3, 3, 3)",1
595,"(1, 3, 1, 1, 3, 2, 3, 3, 3, 2, 2, 3)",2
596,"(1, 2, 3, 2, 2, 2, 3, 3, 3, 3, 2, 3)",1
597,"(1, 3, 1, 1, 3, 1, 3, 3, 3, 2, 2, 3)",1
598,"(1, 2, 1, 1, 2, 1, 3, 3, 3, 2, 2, 3)",1
599,"(1, 2, 3, 1, 3, 3, 3, 3, 3, 3, 2, 3)",1
600,"(2, 3, 1, 1, 3, 2, 1, 2, 3, 1, 3, 3)",1
601,"(1, 2, 2, 1, 2, 2, 3, 3, 3, 3, 2, 3)",1
602,"(1, 2, 3, 1, 3, 3, 2, 2, 3, 2, 2, 3)",1
603,"(2, 3, 3, 3, 2, 1, 1, 2, 3, 1, 2, 3)",2
604,"(1, 2, 3, 2, 2, 2, 3, 2, 3, 3, 3, 3)",1
605,"(2, 3, 3, 2, 2, 1, 1, 2, 3, 1, 2, 3)",1
606,"(1, 2, 3, 3, 2, 1, 3, 3, 3, 3, 2, 3)",4
607,"(2, 3, 2, 1, 2, 1, 1, 2, 3, 1, 2, 3)",1
608,"(2, 3, 1, 1, 3, 1, 3, 2, 3, 3, 2, 3)",1
609,"(1, 2, 1, 1, 3, 1, 2, 3, 3, 2, 2, 3)",1
610,"(2, 3, 1, 1, 3, 2, 2, 3, 3, 1, 3, 3)",1
611,"(1, 2, 2, 1, 3, 3, 2, 3, 3, 2, 2, 3)",1
612,"(1, 2, 2, 1, 3, 2, 3, 3, 3, 3, 2, 3)",1
613,"(2, 3, 1, 1, 3, 1, 3, 3, 3, 3, 2, 3)",1
614,"(2, 3, 1, 1, 3, 2, 2, 3, 3, 1, 2, 3)",2
615,"(2, 3, 2, 1, 3, 3, 1, 3, 3, 1, 2, 3)",1
616,"(1, 2, 3, 3, 3, 2, 2, 3, 3, 1, 2, 3)",1
617,"(1, 2, 2, 2, 2, 2, 2, 3, 3, 2, 3, 3)",1
618,"(2, 2, 2, 3, 2, 1, 3, 3, 3, 3, 2, 3)",1
619,"(1, 2, 3, 1, 3, 3, 3, 3, 3, 2, 2, 3)",1
620,"(2, 3, 3, 1, 2, 3, 1, 3, 3, 1, 2, 3)",1
621,"(3, 3, 1, 1, 2, 1, 3, 3, 3, 3, 2, 3)",1
622,"(2, 3, 1, 1, 2, 1, 3, 3, 3, 3, 2, 3)",1
623,"(1, 2, 2, 2, 2, 1, 2, 3, 3, 2, 2, 3)",1
624,"(1, 2, 3, 1, 3, 3, 1, 3, 3, 1, 2, 3)",2
625,"(1, 2, 3, 1, 3, 3, 2, 3, 3, 1, 2, 3)",1
626,"(1, 2, 3, 2, 2, 2, 1, 3, 3, 1, 2, 3)",1
627,"(1, 2, 1, 1, 3, 1, 2, 3, 3, 1, 2, 3)",2
628,"(1, 2, 2, 1, 3, 2, 2, 3, 3, 2, 2, 3)",1
629,"(1, 2, 3, 1, 2, 3, 3, 3, 3, 3, 2, 3)",1
630,"(1, 3, 1, 1, 3, 2, 3, 3, 3, 3, 3, 3)",1
631,"(2, 3, 1, 1, 3, 2, 2, 3, 3, 2, 2, 3)",1
632,"(1, 3, 1, 1, 3, 1, 2, 3, 3, 1, 2, 3)",1
633,"(1, 2, 1, 1, 2, 1, 1, 3, 3, 1, 2, 3)",1
634,"(1, 2, 3, 2, 3, 2, 1, 3, 3, 1, 2, 3)",1
635,"(1, 2, 3, 3, 2, 1, 2, 3, 3, 1, 2, 3)",4
636,"(1, 2, 2, 2, 2, 1, 3, 3, 3, 3, 2, 3)",3
637,"(1, 2, 3, 3, 2, 1, 3, 3, 3, 2, 3, 3)",1
638,"(1, 2, 2, 2, 2, 1, 2, 3, 3, 1, 2, 3)",3
639,"(1, 2, 3, 2, 2, 2, 2, 3, 3, 2, 2, 3)",1
640,"(2, 3, 1, 1, 3, 2, 3, 3, 3, 3, 2, 3)",1
641,"(1, 2, 2, 1, 3, 2, 2, 3, 3, 1, 2, 3)",1
642,"(2, 3, 2, 2, 2, 1, 1, 3, 3, 1, 2, 3)",1
643,"(2, 3, 1, 1, 3, 1, 1, 3, 3, 1, 2, 3)",1
644,"(2, 3, 1, 1, 3, 1, 2, 3, 3, 1, 2, 3)",2
645,"(2, 3, 1, 1, 3, 1, 1, 3, 3, 1, 3, 3)",1
646,"(1, 2, 2, 1, 2, 2, 2, 3, 3, 2, 2, 3)",1
647,"(1, 2, 1, 1, 3, 2, 2, 3, 3, 1, 2, 3)",1
648,"(1, 2, 1, 1, 3, 2, 3, 3, 3, 2, 2, 3)",1
649,"(1, 2, 2, 1, 3, 3, 1, 3, 3, 1, 2, 3)",1
650,"(3, 3, 1, 2, 2, 1, 3, 3, 3, 3, 2, 3)",1
651,"(1, 3, 1, 1, 3, 1, 3, 3, 3, 2, 2, 3)",1
652,"(1, 2, 2, 2, 2, 1, 2, 3, 3, 3, 2, 3)",1
653,"(2, 3, 1, 1, 2, 1, 1, 2, 3, 1, 2, 3)",1
654,"(1, 2, 2, 2, 2, 1, 2, 2, 3, 2, 3, 3)",1
655,"(1, 2, 2, 1, 3, 2, 1, 3, 3, 2, 2, 3)",1
656,"(2, 3, 1, 1, 3, 1, 1, 3, 3, 2, 2, 3)",1
657,"(2, 3, 1, 1, 3, 2, 3, 3, 3, 3, 2, 3)",1
658,"(1, 2, 3, 3, 2, 1, 3, 3, 3, 3, 2, 3)",1
659,"(1, 3, 2, 1, 3, 3, 1, 2, 3, 1, 2, 3)",1
660,"(1, 2, 3, 2, 2, 2, 2, 2, 3, 3, 3, 3)",1
661,"(1, 2, 3, 3, 3, 3, 1, 3, 3, 1, 2, 3)",1
662,"(1, 2, 1, 1, 3, 2, 2, 3, 3, 2, 2, 3)",2
663,"(1, 2, 2, 1, 3, 3, 2, 3, 3, 2, 2, 3)",1
664,"(1, 2, 3, 3, 2, 1, 2, 3, 3, 2, 2, 3)",1
665,"(1, 2, 2, 1, 2, 2, 3, 2, 3, 3, 3, 3)",1
666,"(1, 2, 3, 1, 3, 3, 1, 2, 3, 1, 2, 3)",1
667,"(2, 3, 1, 1, 3, 2, 2, 3, 3, 1, 2, 3)",7
668,"(2, 3, 1, 1, 3, 2, 1, 3, 3, 1, 2, 3)",1
669,"(2, 3, 1, 1, 3, 2, 3, 3, 3, 2, 2, 3)",1
670,"(1, 2, 2, 1, 2, 1, 2, 3, 3, 3, 2, 3)",1
671,"(1, 2, 1, 1, 3, 2, 2, 3, 3, 1, 3, 3)",1
672,"(3, 3, 3, 3, 2, 2, 1, 3, 3, 1, 2, 3)",1
673,"(1, 2, 3, 1, 3, 3, 3, 3, 3, 2, 2, 3)",1
674,"(1, 2, 1, 1, 3, 1, 1, 3, 3, 1, 2, 3)",1
675,"(2, 3, 1, 1, 3, 2, 2, 3, 3, 1, 3, 3)",1
676,"(2, 3, 1, 1, 2, 1, 3, 3, 3, 3, 2, 3)",1
677,"(1, 2, 2, 1, 2, 2, 2, 3, 3, 2, 2, 3)",1
678,"(1, 2, 3, 1, 3, 3, 2, 3, 3, 1, 2, 3)",1
679,"(1, 2, 3, 2, 2, 2, 1, 3, 3, 1, 2, 3)",1
680,"(2, 3, 2, 1, 3, 3, 1, 2, 3, 1, 2, 3)",1
681,"(1, 2, 1, 1, 3, 1, 2, 3, 3, 1, 2, 3)",1
682,"(2, 3, 3, 1, 2, 3, 1, 2, 3, 1, 2, 3)",1
683,"(1, 2, 2, 1, 3, 3, 3, 3, 3, 3, 2, 3)",1
684,"(1, 2, 3, 2, 2, 1, 1, 3, 3, 1, 3, 3)",1
685,"(1, 2, 3, 3, 2, 1, 1, 3, 3, 1, 2, 3)",2
686,"(1, 3, 1, 1, 3, 1, 2, 3, 3, 1, 2, 3)",1
687,"(1, 2, 3, 1, 3, 3, 3, 3, 3, 2, 3, 3)",1
688,"(1, 2, 2, 1, 3, 3, 2, 3, 3, 1, 2, 3)",1
689,"(1, 2, 1, 1, 2, 1, 2, 3, 3, 1, 3, 3)",1
690,"(2, 3, 2, 2, 2, 1, 1, 2, 3, 1, 2, 3)",1
691,"(1, 2, 2, 2, 3, 3, 2, 3, 3, 1, 2, 3)",1
692,"(1, 2, 3, 3, 2, 1, 2, 3, 3, 1, 2, 3)",1
693,"(1, 2, 2, 2, 2, 1, 3, 3, 3, 3, 2, 3)",3
694,"(1, 3, 1, 1, 3, 2, 2, 3, 3, 2, 2, 3)",1
695,"(2, 3, 1, 1, 3, 2, 3, 3, 3, 3, 3, 3)",1
696,"(2, 3, 1, 1, 3, 1, 3, 3, 3, 2, 2, 3)",1
697,"(2, 3, 3, 2, 2, 1, 1, 2, 3, 1, 2, 3)",1
698,"(1, 2, 1, 1, 3, 2, 2, 3, 3, 3, 2, 3)",1
699,"(2, 3, 3, 3, 2, 2, 1, 2, 3, 1, 2, 3)",1
700,"(3, 3, 3, 3, 2, 1, 1, 3, 3, 1, 2, 3)",1
701,"(1, 2, 1, 1, 3, 2, 3, 3, 3, 2, 3, 3)",1
702,"(1, 2, 3, 2, 2, 1, 2, 3, 3, 1, 2, 3)",1
703,"(1, 2, 3, 2, 3, 3, 2, 3, 3, 1, 2, 3)",1
704,"(1, 2, 3, 2, 3, 3, 1, 3, 3, 1, 2, 3)",1
705,"(1, 2, 3, 1, 3, 3, 3, 3, 3, 3, 3, 3)",1
706,"(3, 3, 1, 1, 2, 1, 1, 3, 3, 1, 2, 3)",1
707,"(1, 2, 1, 1, 3, 2, 1, 3, 3, 1, 2, 3)",2
708,"(1, 2, 1, 1, 3, 2, 3, 3, 3, 2, 2, 3)",1
709,"(1, 2, 2, 1, 3, 3, 1, 3, 3, 1, 2, 3)",2
710,"(2, 3, 1, 1, 2, 1, 3, 3, 3, 2, 3, 3)",1
711,"(2, 3, 2, 1, 3, 3, 1, 2, 3, 2, 3, 3)",1
712,"(1, 2, 3, 3, 3, 2, 2, 3, 3, 1, 2, 3)",1
713,"(1, 2, 3, 3, 3, 2, 1, 3, 3, 1, 2, 3)",1
714,"(2, 3, 3, 3, 2, 1, 1, 2, 3, 1, 2, 3)",1
715,"(1, 2, 2, 1, 2, 1, 1, 3, 3, 1, 2, 3)",1
716,"(1, 2, 3, 1, 3, 3, 2, 3, 3, 2, 2, 3)",1
717,"(1, 2, 2, 2, 2, 2, 3, 3, 3, 2, 2, 3)",1
718,"(1, 2, 2, 2, 2, 1, 2, 3, 3, 1, 2, 3)",1
719,"(1, 2, 2, 2, 2, 1, 1, 3, 3, 1, 2, 3)",1
720,"(2, 2, 1, 1, 2, 1, 1, 3, 3, 1, 2, 3)",1
721,"(1, 3, 1, 1, 3, 1, 2, 3, 3, 2, 2, 3)",1
722,"(1, 2, 1, 1, 3, 2, 2, 3, 3, 2, 2, 3)",1
723,"(1, 2, 3, 2, 2, 1, 2, 3, 3, 2, 2, 3)",1
724,"(1, 2, 3, 3, 2, 1, 2, 3, 3, 2, 2, 3)",2
725,"(2, 3, 1, 1, 3, 1, 3, 3, 3, 3, 2, 3)",1
726,"(2, 3, 1, 1, 3, 2, 2, 3, 3, 1, 2, 3)",2
727,"(2, 3, 1, 1, 3, 2, 1, 3, 3, 1, 2, 3)",3
728,"(2, 3, 2, 1, 3, 3, 1, 3, 3, 1, 2, 3)",1
729,"(2, 3, 1, 1, 3, 2, 3, 3, 3, 2, 3, 3)",1
730,"(2, 3, 3, 2, 2, 1, 1, 2, 3, 1, 2, 3)",1
731,"(1, 2, 3, 1, 3, 3, 3, 3, 3, 2, 3, 3)",1
732,"(2, 3, 1, 1, 3, 1, 2, 3, 3, 1, 3, 3)",1
733,"(1, 2, 3, 3, 2, 2, 1, 3, 3, 1, 2, 3)",1
734,"(1, 2, 2, 1, 2, 1, 1, 2, 3, 1, 3, 3)",1
735,"(1, 2, 3, 1, 3, 3, 2, 3, 3, 1, 2, 3)",1
736,"(1, 2, 1, 1, 3, 1, 2, 3, 3, 1, 3, 3)",1
737,"(1, 2, 1, 1, 3, 1, 1, 3, 3, 1, 2, 3)",2
738,"(1, 2, 2, 2, 2, 1, 2, 3, 3, 2, 2, 3)",3
739,"(1, 2, 3, 1, 2, 3, 3, 3, 3, 3, 3, 3)",1
740,"(1, 2, 2, 1, 3, 3, 3, 3, 3, 3, 2, 3)",1
741,"(1, 2, 2, 1, 3, 2, 2, 3, 3, 2, 2, 3)",1
742,"(3, 3, 2, 1, 3, 3, 1, 3, 3, 1, 2, 3)",1
743,"(1, 2, 2, 2, 3, 2, 2, 3, 3, 1, 2, 3)",1
744,"(1, 2, 3, 2, 2, 2, 3, 3, 3, 2, 3, 3)",1
745,"(1, 3, 1, 1, 3, 1, 2, 3, 3, 1, 2, 3)",1
746,"(1, 2, 2, 1, 3, 3, 2, 3, 3, 1, 2, 3)",1
747,"(2, 2, 3, 3, 2, 1, 2, 3, 3, 1, 2, 3)",1
748,"(2, 3, 1, 1, 3, 1, 1, 2, 3, 1, 3, 3)",1
749,"(2, 3, 3, 1, 3, 3, 1, 2, 3, 1, 2, 3)",1
750,"(2, 3, 1, 2, 2, 1, 3, 3, 3, 3, 2, 3)",1
751,"(1, 2, 1, 1, 3, 1, 2, 3, 3, 3, 2, 3)",1
752,"(1, 2, 3, 3, 2, 1, 2, 3, 3, 1, 2, 3)",1
753,"(1, 2, 3, 1, 2, 3, 1, 3, 3, 1, 3, 3)",1
754,"(1, 2, 3, 3, 2, 1, 2, 3, 3, 1, 3, 3)",1
755,"(1, 2, 3, 3, 2, 1, 3, 3, 3, 2, 3, 3)",1
756,"(1, 3, 1, 1, 3, 2, 2, 3, 3, 2, 2, 3)",1
757,"(2, 3, 1, 1, 3, 2, 3, 3, 3, 3, 3, 3)",1
758,"(1, 2, 3, 2, 2, 2, 2, 2, 3, 2, 3, 3)",1
759,"(1, 2, 3, 1, 2, 3, 2, 2, 3, 3, 2, 3)",1
760,"(2, 3, 1, 1, 3, 2, 3, 3, 3, 3, 2, 3)",1
761,"(1, 3, 3, 3, 2, 1, 1, 2, 3, 2, 2, 3)",1
762,"(1, 2, 2, 1, 3, 2, 2, 3, 3, 1, 2, 3)",1
763,"(2, 3, 1, 1, 2, 1, 2, 3, 3, 2, 2, 3)",1
764,"(2, 3, 1, 1, 3, 1, 1, 3, 3, 1, 2, 3)",1
765,"(2, 3, 1, 1, 3, 1, 2, 3, 3, 1, 2, 3)",4
766,"(1, 2, 3, 2, 2, 1, 2, 3, 3, 1, 2, 3)",1
767,"(1, 2, 3, 1, 3, 3, 3, 3, 3, 3, 2, 3)",1
768,"(1, 2, 3, 1, 3, 3, 3, 3, 3, 3, 3, 3)",1
769,"(1, 2, 1, 1, 3, 2, 2, 3, 3, 1, 2, 3)",3
770,"(2, 3, 1, 1, 2, 1, 1, 3, 3, 1, 2, 3)",1
771,"(1, 2, 1, 1, 3, 2, 3, 3, 3, 2, 2, 3)",1
772,"(1, 2, 2, 1, 3, 3, 1, 3, 3, 1, 2, 3)",1
773,"(1, 3, 1, 1, 3, 1, 3, 3, 3, 2, 2, 3)",1
774,"(1, 2, 2, 2, 2, 1, 2, 3, 3, 3, 2, 3)",1
775,"(2, 3, 1, 1, 3, 2, 1, 2, 3, 2, 2, 3)",1
776,"(1, 2, 3, 2, 2, 2, 2, 3, 3, 1, 2, 3)",1
777,"(1, 2, 3, 2, 2, 2, 2, 3, 3, 2, 2, 3)",1
778,"(1, 2, 3, 3, 2, 1, 3, 3, 3, 3, 2, 3)",1
779,"(1, 2, 3, 1, 3, 3, 2, 3, 3, 2, 2, 3)",1
780,"(1, 2, 1, 1, 3, 1, 2, 3, 3, 2, 2, 3)",1
781,"(1, 2, 2, 2, 2, 1, 1, 3, 3, 1, 2, 3)",1
782,"(1, 2, 2, 2, 2, 1, 2, 3, 3, 1, 3, 3)",1
783,"(1, 2, 3, 2, 2, 1, 2, 3, 3, 2, 2, 3)",1
784,"(1, 2, 2, 1, 3, 3, 2, 3, 3, 2, 2, 3)",1
785,"(1, 2, 2, 1, 3, 2, 3, 3, 3, 3, 2, 3)",1
786,"(2, 3, 1, 1, 3, 1, 3, 3, 3, 3, 2, 3)",1
787,"(2, 3, 1, 1, 3, 2, 1, 3, 3, 1, 2, 3)",3
788,"(2, 3, 1, 1, 3, 2, 3, 3, 3, 2, 2, 3)",1
789,"(1, 2, 3, 1, 2, 3, 2, 3, 3, 2, 2, 3)",1
790,"(2, 3, 3, 2, 2, 1, 1, 2, 3, 1, 2, 3)",1
791,"(3, 3, 3, 3, 2, 2, 1, 3, 3, 1, 2, 3)",1
792,"(1, 2, 3, 2, 2, 2, 2, 3, 3, 1, 3, 3)",1
793,"(1, 2, 1, 1, 3, 2, 3, 3, 3, 3, 3, 3)",1
794,"(1, 2, 1, 1, 3, 2, 3, 3, 3, 3, 2, 3)",1
795,"(3, 3, 1, 2, 2, 1, 3, 3, 3, 3, 2, 3)",1
796,"(1, 2, 3, 1, 3, 3, 2, 3, 3, 1, 2, 3)",1
797,"(1, 3, 1, 1, 3, 1, 3, 3, 3, 3, 2, 3)",1
798,"(2, 3, 2, 1, 3, 3, 1, 2, 3, 1, 2, 3)",1
799,"(1, 2, 1, 1, 3, 1, 2, 3, 3, 1, 2, 3)",1
800,"(1, 2, 3, 1, 2, 3, 3, 3, 3, 3, 3, 3)",1
801,"(1, 2, 2, 1, 3, 3, 3, 3, 3, 3, 2, 3)",1
802,"(1, 2, 3, 3, 2, 1, 2, 3, 3, 1, 2, 3)",2
803,"(2, 3, 1, 1, 3, 1, 2, 3, 3, 2, 2, 3)",1
804,"(1, 2, 2, 2, 3, 2, 1, 3, 3, 1, 2, 3)",1
805,"(1, 2, 2, 2, 2, 1, 2, 2, 3, 2, 2, 3)",1
806,"(2, 3, 1, 1, 3, 2, 2, 3, 3, 2, 2, 3)",3
807,"(1, 2, 2, 1, 3, 3, 2, 3, 3, 1, 2, 3)",1
808,"(1, 2, 1, 1, 3, 2, 1, 2, 3, 2, 3, 3)",1
809,"(1, 2, 3, 3, 2, 1, 1, 3, 3, 1, 2, 3)",1
810,"(1, 2, 3, 3, 2, 2, 2, 2, 3, 2, 3, 3)",1
811,"(1, 3, 1, 1, 3, 2, 2, 3, 3, 2, 2, 3)",1
812,"(1, 2, 3, 2, 2, 2, 2, 3, 3, 2, 3, 3)",1
813,"(2, 3, 1, 1, 3, 1, 3, 3, 3, 2, 2, 3)",1
814,"(2, 3, 1, 1, 3, 2, 3, 3, 3, 3, 2, 3)",1
815,"(1, 2, 2, 1, 3, 3, 2, 3, 3, 3, 2, 3)",1
816,"(1, 2, 2, 1, 3, 2, 2, 3, 3, 1, 2, 3)",1
817,"(1, 2, 2, 1, 2, 2, 1, 2, 3, 1, 2, 3)",1
818,"(2, 3, 1, 1, 3, 1, 1, 3, 3, 1, 2, 3)",1
819,"(2, 3, 1, 1, 3, 1, 2, 3, 3, 1, 2, 3)",2
820,"(1, 2, 2, 2, 2, 2, 3, 3, 3, 3, 3, 3)",1
821,"(1, 2, 2, 2, 2, 1, 3, 2, 3, 3, 3, 3)",1
822,"(1, 3, 2, 1, 2, 1, 1, 2, 3, 2, 3, 3)",1
823,"(1, 2, 3, 2, 2, 1, 2, 3, 3, 1, 2, 3)",1
824,"(1, 3, 1, 1, 3, 2, 1, 2, 3, 1, 2, 3)",1
825,"(1, 2, 1, 1, 2, 1, 2, 3, 3, 2, 2, 3)",1
826,"(1, 2, 3, 1, 3, 3, 3, 3, 3, 3, 2, 3)",4
827,"(2, 3, 1, 1, 2, 1, 3, 3, 3, 3, 3, 3)",1
828,"(1, 2, 1, 1, 3, 2, 2, 3, 3, 1, 2, 3)",1
829,"(1, 2, 3, 3, 2, 1, 2, 3, 3, 2, 2, 3)",2
830,"(1, 3, 1, 1, 3, 2, 3, 3, 3, 2, 3, 3)",1
831,"(1, 2, 2, 1, 3, 3, 1, 3, 3, 1, 2, 3)",1
832,"(1, 2, 3, 2, 2, 2, 3, 3, 3, 3, 3, 3)",1
833,"(1, 3, 1, 1, 3, 2, 1, 3, 3, 1, 2, 3)",1
834,"(1, 2, 3, 2, 2, 2, 3, 3, 3, 3, 2, 3)",1
835,"(2, 3, 1, 1, 2, 1, 1, 3, 3, 2, 2, 3)",1
836,"(1, 2, 2, 1, 3, 3, 3, 3, 3, 2, 2, 3)",1
837,"(1, 2, 3, 2, 2, 1, 3, 3, 3, 3, 2, 3)",1
838,"(1, 2, 3, 3, 2, 1, 3, 3, 3, 3, 3, 3)",1
839,"(1, 2, 3, 3, 2, 1, 3, 3, 3, 3, 2, 3)",1
840,"(1, 2, 1, 1, 2, 1, 3, 3, 3, 3, 2, 3)",1
841,"(1, 2, 3, 1, 3, 3, 2, 3, 3, 2, 2, 3)",1
842,"(1, 2, 2, 2, 2, 1, 2, 3, 3, 1, 2, 3)",1
843,"(1, 2, 3, 3, 2, 2, 2, 3, 3, 1, 2, 3)",1
844,"(1, 2, 2, 2, 2, 1, 2, 3, 3, 1, 3, 3)",1
845,"(1, 2, 2, 1, 3, 3, 3, 3, 3, 3, 3, 3)",1
846,"(1, 2, 1, 1, 3, 2, 2, 3, 3, 2, 2, 3)",1
847,"(1, 2, 3, 2, 2, 1, 2, 3, 3, 2, 2, 3)",1
848,"(1, 2, 2, 1, 3, 3, 2, 3, 3, 2, 2, 3)",1
849,"(2, 3, 1, 1, 3, 1, 3, 3, 3, 3, 2, 3)",2
850,"(2, 3, 1, 1, 3, 2, 2, 3, 3, 1, 2, 3)",3
851,"(2, 3, 1, 1, 3, 2, 3, 3, 3, 2, 2, 3)",2
852,"(2, 3, 1, 1, 3, 2, 2, 3, 3, 1, 3, 3)",1
853,"(1, 3, 1, 1, 3, 2, 2, 3, 3, 1, 2, 3)",1
854,"(1, 2, 3, 1, 3, 3, 3, 3, 3, 2, 2, 3)",1
855,"(2, 3, 1, 1, 3, 2, 1, 2, 3, 1, 2, 3)",1
856,"(2, 3, 1, 1, 3, 1, 3, 3, 3, 3, 3, 3)",1
857,"(2, 3, 1, 1, 2, 1, 3, 3, 3, 3, 2, 3)",1
858,"(1, 2, 3, 1, 3, 3, 2, 3, 3, 1, 3, 3)",2
859,"(1, 2, 3, 1, 3, 3, 1, 3, 3, 1, 2, 3)",1
860,"(1, 2, 3, 1, 3, 3, 2, 3, 3, 1, 2, 3)",4
861,"(2, 3, 2, 1, 2, 1, 1, 3, 3, 1, 2, 3)",1
862,"(1, 2, 1, 1, 3, 1, 2, 3, 3, 1, 2, 3)",4
863,"(1, 2, 2, 1, 3, 2, 2, 3, 3, 2, 2, 3)",1
864,"(2, 3, 3, 3, 2, 2, 1, 3, 3, 1, 2, 3)",1
865,"(1, 2, 1, 1, 2, 1, 3, 3, 3, 2, 2, 3)",1
866,"(1, 2, 3, 3, 2, 1, 2, 3, 3, 1, 2, 3)",2
867,"(1, 2, 3, 3, 2, 1, 3, 3, 3, 2, 2, 3)",2
868,"(2, 2, 2, 2, 2, 1, 3, 3, 3, 2, 2, 3)",1
869,"(2, 3, 1, 1, 3, 2, 3, 3, 3, 3, 2, 3)",1
870,"(1, 2, 2, 1, 3, 2, 1, 3, 3, 1, 2, 3)",2
871,"(2, 3, 1, 1, 3, 1, 1, 3, 3, 1, 2, 3)",1
872,"(2, 3, 1, 1, 3, 1, 2, 3, 3, 1, 2, 3)",1
873,"(1, 2, 1, 1, 2, 1, 2, 3, 3, 2, 2, 3)",1
874,"(1, 2, 3, 1, 3, 3, 3, 3, 3, 3, 2, 3)",3
875,"(1, 2, 1, 1, 3, 2, 2, 3, 3, 1, 2, 3)",2
876,"(1, 2, 3, 3, 2, 1, 2, 3, 3, 2, 2, 3)",2
877,"(1, 2, 1, 1, 3, 2, 3, 3, 3, 2, 2, 3)",1
878,"(3, 3, 1, 2, 2, 1, 3, 3, 3, 3, 2, 3)",1
879,"(1, 2, 3, 3, 3, 2, 2, 3, 3, 1, 2, 3)",1
880,"(1, 2, 2, 1, 3, 3, 3, 3, 3, 2, 2, 3)",1
881,"(1, 2, 2, 1, 2, 1, 3, 3, 3, 2, 2, 3)",1
882,"(1, 2, 1, 1, 3, 2, 1, 2, 3, 1, 3, 3)",1
883,"(1, 2, 3, 3, 2, 1, 3, 3, 3, 3, 3, 3)",2
884,"(2, 3, 3, 3, 2, 1, 1, 2, 3, 1, 2, 3)",1
885,"(1, 2, 2, 1, 3, 3, 1, 2, 3, 1, 2, 3)",1
886,"(1, 2, 3, 3, 2, 1, 3, 3, 3, 3, 2, 3)",2
887,"(1, 2, 1, 1, 2, 1, 2, 3, 3, 1, 2, 3)",1
888,"(1, 2, 2, 2, 2, 1, 2, 3, 3, 1, 3, 3)",1
889,"(1, 2, 1, 1, 3, 2, 2, 3, 3, 2, 2, 3)",1
890,"(1, 2, 1, 1, 2, 1, 3, 3, 3, 2, 2, 3)",1
891,"(1, 2, 2, 1, 3, 3, 2, 3, 3, 2, 2, 3)",1
892,"(2, 3, 1, 1, 3, 2, 3, 2, 3, 3, 3, 3)",2
893,"(1, 2, 1, 1, 2, 1, 3, 2, 3, 3, 3, 3)",1
894,"(2, 3, 1, 1, 3, 1, 3, 3, 3, 3, 2, 3)",1
895,"(2, 3, 1, 1, 3, 2, 2, 3, 3, 1, 2, 3)",1
896,"(2, 3, 1, 1, 3, 2, 1, 3, 3, 1, 2, 3)",1
897,"(2, 3, 1, 1, 3, 2, 3, 3, 3, 2, 2, 3)",1
898,"(1, 2, 3, 1, 2, 3, 2, 3, 3, 2, 2, 3)",1
899,"(1, 3, 1, 1, 3, 2, 2, 3, 3, 1, 2, 3)",1
900,"(1, 2, 2, 1, 3, 3, 1, 3, 3, 1, 2, 3)",2
901,"(1, 2, 3, 2, 2, 2, 2, 3, 3, 1, 3, 3)",1
902,"(2, 3, 3, 2, 2, 2, 1, 2, 3, 1, 2, 3)",1
903,"(1, 2, 1, 1, 3, 1, 3, 3, 3, 2, 2, 3)",1
904,"(1, 2, 3, 1, 3, 3, 2, 3, 3, 1, 3, 3)",1
905,"(1, 2, 3, 2, 2, 2, 1, 3, 3, 1, 2, 3)",1
906,"(2, 3, 2, 1, 3, 3, 1, 2, 3, 1, 2, 3)",1
907,"(1, 2, 1, 1, 3, 1, 2, 3, 3, 1, 2, 3)",1
908,"(1, 2, 2, 1, 3, 3, 3, 3, 3, 3, 2, 3)",1
909,"(1, 2, 2, 1, 3, 2, 2, 3, 3, 2, 2, 3)",1
910,"(1, 3, 1, 1, 3, 2, 3, 3, 3, 3, 2, 3)",1
911,"(1, 2, 2, 2, 3, 2, 2, 3, 3, 1, 2, 3)",1
912,"(1, 2, 3, 3, 3, 1, 2, 3, 3, 1, 2, 3)",1
913,"(1, 2, 3, 3, 2, 1, 1, 3, 3, 1, 2, 3)",2
914,"(2, 3, 1, 1, 3, 2, 2, 3, 3, 2, 2, 3)",1
915,"(1, 3, 1, 1, 3, 1, 2, 3, 3, 1, 2, 3)",2
916,"(1, 2, 2, 1, 2, 2, 2, 3, 3, 1, 2, 3)",1
917,"(1, 2, 2, 1, 3, 3, 2, 3, 3, 1, 2, 3)",2
918,"(2, 3, 2, 2, 2, 1, 1, 2, 3, 1, 2, 3)",1
919,"(1, 2, 3, 3, 2, 1, 2, 3, 3, 1, 2, 3)",2
920,"(1, 2, 2, 2, 2, 1, 3, 3, 3, 3, 2, 3)",1
921,"(1, 2, 3, 3, 2, 1, 3, 3, 3, 2, 2, 3)",1
922,"(1, 2, 3, 3, 2, 1, 2, 3, 3, 1, 3, 3)",1
923,"(3, 3, 3, 3, 2, 1, 1, 2, 3, 1, 2, 3)",1
924,"(1, 2, 2, 1, 3, 3, 2, 2, 3, 3, 3, 3)",1
925,"(2, 3, 1, 1, 3, 2, 3, 3, 3, 3, 3, 3)",1
926,"(2, 3, 1, 1, 3, 2, 3, 3, 3, 3, 2, 3)",1
927,"(1, 2, 2, 1, 3, 2, 1, 3, 3, 1, 2, 3)",1
928,"(1, 2, 2, 1, 3, 2, 2, 3, 3, 1, 2, 3)",1
929,"(2, 3, 1, 1, 3, 1, 2, 3, 3, 1, 2, 3)",2
930,"(2, 3, 1, 1, 3, 1, 1, 3, 3, 1, 3, 3)",1
931,"(1, 2, 2, 1, 3, 2, 3, 3, 3, 2, 2, 3)",1
932,"(1, 2, 1, 1, 2, 1, 2, 3, 3, 2, 2, 3)",1
933,"(1, 2, 3, 1, 3, 3, 3, 3, 3, 3, 2, 3)",1
934,"(1, 2, 3, 1, 3, 3, 3, 3, 3, 3, 3, 3)",1
935,"(1, 2, 1, 1, 3, 2, 2, 3, 3, 1, 2, 3)",2
936,"(1, 2, 1, 1, 3, 2, 1, 3, 3, 1, 2, 3)",2
937,"(1, 2, 1, 1, 3, 1, 3, 3, 3, 3, 3, 3)",1
938,"(1, 2, 3, 2, 2, 2, 3, 3, 3, 3, 3, 3)",1
939,"(1, 2, 3, 2, 2, 2, 3, 3, 3, 3, 2, 3)",1
940,"(1, 2, 3, 3, 3, 2, 2, 3, 3, 1, 2, 3)",1
941,"(1, 2, 2, 1, 3, 3, 3, 3, 3, 2, 2, 3)",1
942,"(1, 2, 1, 1, 2, 1, 3, 3, 3, 3, 2, 3)",1
943,"(1, 3, 1, 1, 3, 1, 1, 2, 3, 1, 2, 3)",1
944,"(2, 3, 3, 3, 2, 1, 1, 2, 3, 1, 2, 3)",1
945,"(1, 2, 3, 3, 2, 1, 3, 3, 3, 3, 2, 3)",3
946,"(2, 3, 1, 1, 3, 1, 3, 2, 3, 3, 3, 3)",1
947,"(1, 2, 2, 2, 2, 1, 1, 3, 3, 1, 3, 3)",1
948,"(1, 2, 2, 2, 2, 1, 2, 3, 3, 1, 2, 3)",2
949,"(1, 2, 2, 2, 2, 1, 1, 3, 3, 1, 2, 3)",2
950,"(1, 3, 1, 1, 3, 1, 2, 3, 3, 2, 2, 3)",1
951,"(1, 2, 2, 2, 2, 1, 3, 3, 3, 2, 3, 3)",1
952,"(1, 2, 2, 1, 3, 2, 3, 3, 3, 3, 2, 3)",1
953,"(2, 3, 1, 1, 3, 1, 3, 3, 3, 3, 2, 3)",1
954,"(2, 3, 1, 1, 3, 2, 2, 3, 3, 1, 2, 3)",2
955,"(2, 3, 1, 1, 3, 2, 1, 3, 3, 1, 2, 3)",1
956,"(1, 2, 3, 1, 2, 3, 2, 3, 3, 2, 2, 3)",1
957,"(1, 2, 3, 1, 2, 2, 3, 3, 3, 3, 2, 3)",1
958,"(2, 3, 3, 2, 2, 2, 1, 2, 3, 1, 2, 3)",1
959,"(1, 2, 1, 1, 3, 2, 3, 3, 3, 3, 2, 3)",2
960,"(3, 3, 1, 2, 2, 1, 3, 3, 3, 3, 2, 3)",1
961,"(1, 2, 3, 1, 3, 3, 2, 3, 3, 1, 2, 3)",1
962,"(1, 3, 1, 1, 3, 1, 3, 3, 3, 3, 2, 3)",1
963,"(2, 3, 2, 1, 3, 3, 1, 2, 3, 1, 2, 3)",1
964,"(1, 2, 1, 1, 3, 1, 2, 3, 3, 1, 2, 3)",1
965,"(1, 2, 1, 1, 3, 1, 1, 3, 3, 1, 3, 3)",1
966,"(1, 2, 2, 1, 3, 2, 2, 2, 3, 2, 3, 3)",1
967,"(1, 2, 3, 1, 2, 3, 3, 3, 3, 3, 2, 3)",1
968,"(1, 3, 1, 1, 3, 2, 3, 3, 3, 3, 2, 3)",2
969,"(1, 2, 2, 2, 3, 2, 2, 3, 3, 1, 2, 3)",1
970,"(2, 3, 3, 1, 3, 3, 1, 2, 3, 1, 3, 3)",1
971,"(1, 2, 1, 1, 2, 1, 1, 3, 3, 1, 2, 3)",1
972,"(2, 3, 2, 2, 2, 1, 1, 2, 3, 1, 2, 3)",1
973,"(1, 2, 2, 2, 3, 3, 2, 3, 3, 1, 2, 3)",1
974,"(1, 2, 3, 3, 2, 1, 2, 3, 3, 1, 2, 3)",1
975,"(2, 2, 1, 1, 3, 2, 2, 3, 3, 1, 2, 3)",1
976,"(1, 2, 3, 1, 2, 3, 2, 2, 3, 3, 2, 3)",1
977,"(1, 2, 3, 1, 3, 3, 2, 2, 3, 3, 3, 3)",1
978,"(2, 3, 1, 1, 3, 2, 3, 3, 3, 3, 2, 3)",2
979,"(1, 2, 3, 1, 2, 3, 2, 3, 3, 1, 2, 3)",1
980,"(3, 3, 1, 1, 2, 1, 1, 2, 3, 1, 2, 3)",1
981,"(1, 2, 3, 2, 2, 2, 3, 3, 3, 3, 2, 3)",1
982,"(1, 2, 3, 2, 3, 3, 2, 3, 3, 1, 2, 3)",2
983,"(1, 2, 3, 2, 3, 3, 1, 3, 3, 1, 2, 3)",1
984,"(1, 2, 2, 1, 3, 3, 3, 3, 3, 3, 2, 3)",1
985,"(1, 2, 3, 1, 3, 3, 3, 3, 3, 3, 2, 3)",3
986,"(2, 3, 1, 1, 3, 2, 2, 2, 3, 3, 3, 3)",1
987,"(1, 2, 3, 1, 3, 3, 3, 3, 3, 3, 3, 3)",1
988,"(1, 2, 1, 1, 3, 2, 2, 3, 3, 1, 2, 3)",1
989,"(1, 2, 1, 1, 3, 2, 1, 3, 3, 1, 2, 3)",1
990,"(1, 2, 1, 1, 3, 2, 3, 3, 3, 2, 2, 3)",2
991,"(2, 3, 2, 1, 3, 2, 1, 2, 3, 1, 2, 3)",1
992,"(1, 2, 3, 3, 2, 1, 2, 3, 3, 2, 2, 3)",1
993,"(1, 3, 1, 1, 3, 2, 1, 3, 3, 1, 2, 3)",1
994,"(1, 2, 3, 2, 2, 2, 2, 3, 3, 2, 2, 3)",3
995,"(2, 3, 1, 1, 3, 2, 1, 3, 3, 2, 2, 3)",1
996,"(2, 3, 3, 1, 3, 3, 1, 2, 3, 2, 3, 3)",1
997,"(2, 3, 1, 1, 3, 1, 3, 3, 3, 2, 2, 3)",1
998,"(2, 3, 1, 1, 3, 1, 1, 2, 3, 2, 3, 3)",1
999,"(2, 3, 1, 1, 2, 1, 1, 2, 3, 1, 2, 3)",1
1000,"(2, 3, 1, 1, 2, 1, 3, 3, 3, 3, 2, 3)",1
1001,"(1, 2, 3, 2, 2, 2, 2, 3, 3, 1, 2, 3)",1
1002,"(1, 2, 3, 3, 2, 1, 3, 3, 3, 3, 2, 3)",2
1003,"(2, 3, 1, 1, 3, 1, 3, 2, 3, 3, 3, 3)",1
1004,"(2, 2, 2, 3, 2, 1, 2, 3, 3, 2, 2, 3)",1
1005,"(1, 2, 2, 2, 2, 1, 3, 3, 3, 2, 2, 3)",1
1006,"(1, 2, 1, 1, 3, 2, 2, 3, 3, 2, 2, 3)",1
1007,"(1, 2, 3, 3, 2, 1, 2, 3, 3, 2, 2, 3)",2
1008,"(2, 3, 1, 1, 3, 1, 3, 3, 3, 3, 2, 3)",1
1009,"(1, 2, 3, 1, 3, 3, 1, 2, 3, 1, 2, 3)",1
1010,"(2, 3, 1, 1, 3, 2, 2, 3, 3, 1, 2, 3)",1
1011,"(1, 2, 1, 1, 3, 2, 3, 3, 3, 2, 2, 3)",1
1012,"(2, 3, 1, 1, 3, 2, 2, 3, 3, 1, 3, 3)",2
1013,"(2, 3, 1, 1, 2, 1, 3, 3, 3, 3, 2, 3)",1
1014,"(1, 2, 3, 1, 3, 3, 3, 3, 3, 2, 2, 3)",1
1015,"(2, 3, 1, 1, 3, 2, 1, 2, 3, 1, 2, 3)",1
1016,"(1, 2, 1, 1, 3, 2, 3, 3, 3, 3, 2, 3)",1
1017,"(1, 2, 2, 2, 2, 1, 2, 3, 3, 2, 2, 3)",2
1018,"(1, 2, 1, 1, 3, 2, 3, 3, 3, 2, 3, 3)",1
1019,"(1, 2, 3, 1, 3, 3, 2, 3, 3, 1, 2, 3)",2
1020,"(1, 2, 1, 1, 3, 1, 2, 3, 3, 1, 2, 3)",1
1021,"(1, 2, 2, 1, 3, 3, 3, 3, 3, 3, 2, 3)",7
1022,"(1, 2, 3, 1, 3, 3, 2, 3, 3, 2, 2, 3)",3
1023,"(2, 3, 1, 1, 3, 1, 2, 3, 3, 2, 2, 3)",1
1024,"(2, 3, 1, 1, 3, 2, 2, 3, 3, 2, 2, 3)",1
1025,"(3, 3, 1, 2, 2, 1, 2, 3, 3, 1, 2, 3)",1
1026,"(1, 2, 1, 1, 2, 1, 1, 3, 3, 1, 2, 3)",1
1027,"(1, 2, 2, 1, 3, 3, 2, 3, 3, 1, 2, 3)",1
1028,"(2, 3, 3, 1, 3, 3, 1, 2, 3, 1, 2, 3)",1
1029,"(1, 2, 1, 1, 2, 1, 3, 3, 3, 2, 3, 3)",1
1030,"(1, 2, 3, 3, 2, 1, 3, 3, 3, 2, 2, 3)",1
1031,"(1, 2, 2, 1, 3, 2, 3, 3, 3, 2, 2, 3)",1
1032,"(2, 3, 1, 1, 3, 2, 3, 3, 3, 3, 3, 3)",1
1033,"(1, 3, 1, 1, 3, 1, 2, 3, 3, 3, 2, 3)",1
1034,"(2, 3, 1, 1, 3, 2, 3, 3, 3, 3, 2, 3)",1
1035,"(1, 2, 3, 2, 2, 2, 3, 3, 3, 2, 2, 3)",1
1036,"(1, 2, 2, 1, 3, 2, 2, 3, 3, 1, 2, 3)",1
1037,"(2, 3, 2, 2, 2, 2, 1, 2, 3, 1, 3, 3)",1
1038,"(1, 2, 2, 2, 2, 1, 3, 2, 3, 3, 3, 3)",1
1039,"(3, 3, 3, 3, 2, 1, 1, 3, 3, 1, 2, 3)",1
1040,"(1, 2, 3, 2, 3, 3, 1, 3, 3, 1, 2, 3)",1
1041,"(1, 2, 3, 1, 3, 3, 3, 3, 3, 3, 2, 3)",1
1042,"(2, 2, 2, 3, 2, 1, 2, 3, 3, 1, 2, 3)",1
1043,"(1, 2, 1, 1, 3, 2, 2, 3, 3, 1, 2, 3)",2
1044,"(1, 2, 1, 1, 3, 2, 1, 3, 3, 1, 2, 3)",1
1045,"(2, 3, 1, 1, 2, 1, 3, 3, 3, 2, 2, 3)",1
1046,"(1, 2, 1, 1, 3, 2, 2, 3, 3, 1, 3, 3)",1
1047,"(1, 3, 1, 1, 3, 2, 3, 3, 3, 2, 2, 3)",2
1048,"(1, 2, 3, 2, 2, 2, 3, 3, 3, 3, 2, 3)",1
1049,"(2, 3, 1, 1, 3, 2, 1, 3, 3, 2, 2, 3)",1
1050,"(2, 3, 3, 1, 3, 3, 1, 2, 3, 2, 3, 3)",1
1051,"(1, 2, 3, 3, 2, 2, 2, 3, 3, 2, 2, 3)",1
1052,"(1, 2, 2, 1, 3, 3, 3, 3, 3, 2, 3, 3)",1
1053,"(1, 2, 2, 1, 2, 1, 1, 3, 3, 2, 2, 3)",1
1054,"(1, 2, 2, 1, 3, 3, 1, 2, 3, 1, 2, 3)",1
1055,"(2, 3, 3, 3, 2, 1, 1, 2, 3, 1, 3, 3)",1
1056,"(1, 2, 2, 1, 2, 1, 3, 3, 3, 3, 2, 3)",2
1057,"(1, 2, 2, 1, 3, 3, 1, 2, 3, 1, 3, 3)",1
1058,"(1, 2, 3, 1, 3, 3, 2, 3, 3, 2, 2, 3)",2
1059,"(1, 2, 3, 3, 2, 2, 2, 3, 3, 1, 2, 3)",1
1060,"(1, 2, 2, 2, 2, 1, 3, 3, 3, 2, 2, 3)",1
1061,"(1, 2, 3, 1, 3, 3, 3, 3, 3, 3, 3, 3)",1
1062,"(1, 2, 1, 1, 3, 2, 2, 3, 3, 2, 2, 3)",1
1063,"(1, 2, 2, 1, 3, 2, 3, 3, 3, 3, 2, 3)",1
1064,"(2, 3, 1, 1, 3, 2, 2, 3, 3, 1, 2, 3)",1
1065,"(2, 3, 1, 1, 3, 1, 3, 3, 3, 3, 2, 3)",1
1066,"(2, 3, 1, 1, 3, 2, 1, 3, 3, 1, 2, 3)",1
1067,"(2, 3, 1, 1, 3, 2, 3, 3, 3, 2, 2, 3)",1
1068,"(2, 3, 2, 1, 3, 3, 1, 3, 3, 1, 2, 3)",1
1069,"(2, 3, 2, 1, 3, 2, 1, 3, 3, 1, 2, 3)",1
1070,"(1, 3, 1, 1, 3, 2, 2, 3, 3, 1, 2, 3)",1
1071,"(3, 3, 3, 3, 2, 2, 1, 3, 3, 1, 2, 3)",1
1072,"(1, 2, 3, 1, 3, 3, 3, 3, 3, 2, 2, 3)",2
1073,"(1, 2, 3, 3, 2, 1, 3, 3, 3, 3, 2, 3)",5
1074,"(1, 2, 3, 2, 2, 2, 3, 3, 3, 3, 3, 3)",1
1075,"(1, 2, 2, 2, 2, 1, 2, 3, 3, 2, 2, 3)",1
1076,"(1, 2, 3, 1, 3, 3, 1, 3, 3, 1, 2, 3)",2
1077,"(1, 3, 1, 1, 3, 1, 3, 3, 3, 3, 2, 3)",2
1078,"(1, 2, 1, 1, 3, 1, 1, 3, 3, 1, 2, 3)",1
1079,"(1, 2, 1, 1, 3, 1, 2, 3, 3, 1, 2, 3)",1
1080,"(1, 2, 2, 1, 3, 2, 2, 3, 3, 2, 2, 3)",1
1081,"(1, 2, 2, 2, 3, 2, 2, 3, 3, 1, 2, 3)",1
1082,"(2, 3, 1, 1, 3, 2, 2, 3, 3, 2, 2, 3)",1
1083,"(1, 3, 1, 1, 3, 1, 2, 3, 3, 1, 2, 3)",1
1084,"(2, 3, 3, 1, 3, 3, 1, 2, 3, 1, 3, 3)",1
1085,"(1, 2, 2, 1, 3, 3, 2, 3, 3, 1, 2, 3)",1
1086,"(2, 3, 3, 1, 3, 3, 1, 2, 3, 1, 2, 3)",1
1087,"(1, 2, 2, 2, 2, 1, 3, 3, 3, 3, 2, 3)",1
1088,"(1, 2, 3, 3, 2, 1, 3, 3, 3, 2, 2, 3)",1
1089,"(2, 3, 2, 1, 3, 3, 1, 2, 3, 2, 3, 3)",1
1090,"(1, 2, 3, 2, 2, 2, 2, 3, 3, 2, 2, 3)",1
1091,"(2, 3, 3, 2, 2, 1, 1, 2, 3, 1, 2, 3)",1
1092,"(1, 2, 1, 1, 2, 1, 2, 3, 3, 2, 3, 3)",1
1093,"(1, 2, 2, 1, 3, 2, 2, 3, 3, 1, 2, 3)",1
1094,"(2, 2, 3, 3, 2, 1, 3, 3, 3, 3, 2, 3)",1
1095,"(2, 3, 1, 1, 3, 1, 2, 3, 3, 1, 2, 3)",2
1096,"(2, 3, 1, 1, 3, 1, 1, 3, 3, 1, 3, 3)",1
1097,"(1, 2, 3, 1, 2, 3, 2, 3, 3, 3, 2, 3)",1
1098,"(1, 2, 2, 1, 2, 1, 2, 3, 3, 2, 3, 3)",1
1099,"(1, 2, 3, 1, 3, 3, 3, 3, 3, 3, 2, 3)",1
1100,"(1, 2, 3, 2, 2, 2, 1, 2, 3, 2, 2, 3)",1
1101,"(1, 3, 1, 1, 3, 1, 1, 3, 3, 1, 2, 3)",1
1102,"(2, 3, 2, 1, 2, 2, 1, 3, 3, 1, 2, 3)",1
1103,"(1, 2, 1, 1, 3, 2, 2, 3, 3, 1, 3, 3)",1
1104,"(1, 2, 3, 3, 2, 1, 2, 3, 3, 2, 2, 3)",1
1105,"(1, 2, 1, 1, 3, 2, 3, 3, 3, 2, 3, 3)",1
1106,"(1, 3, 1, 1, 3, 2, 1, 3, 3, 1, 2, 3)",1
1107,"(1, 3, 3, 1, 3, 3, 1, 2, 3, 1, 2, 3)",1
1108,"(2, 3, 3, 1, 3, 3, 1, 2, 3, 2, 3, 3)",1
1109,"(1, 2, 2, 1, 3, 3, 3, 3, 3, 2, 2, 3)",1
1110,"(1, 2, 3, 1, 2, 3, 3, 3, 3, 2, 3, 3)",1
1111,"(2, 3, 3, 3, 2, 1, 1, 2, 3, 1, 2, 3)",2
1112,"(1, 2, 2, 1, 2, 1, 1, 3, 3, 1, 2, 3)",1
1113,"(1, 2, 2, 1, 2, 1, 2, 3, 3, 1, 2, 3)",2
1114,"(1, 2, 2, 1, 3, 3, 1, 2, 3, 1, 3, 3)",1
1115,"(1, 2, 3, 1, 3, 3, 2, 3, 3, 2, 2, 3)",1
1116,"(1, 3, 1, 1, 3, 1, 2, 3, 3, 2, 2, 3)",1
1117,"(1, 3, 2, 1, 3, 3, 1, 2, 3, 1, 2, 3)",1
1118,"(1, 2, 3, 3, 2, 1, 2, 3, 3, 2, 2, 3)",2
1119,"(2, 3, 1, 1, 3, 1, 3, 3, 3, 3, 2, 3)",2
1120,"(2, 3, 1, 1, 3, 2, 2, 3, 3, 1, 2, 3)",2
1121,"(2, 3, 1, 1, 3, 2, 1, 3, 3, 1, 2, 3)",1
1122,"(2, 3, 2, 1, 3, 3, 1, 3, 3, 1, 2, 3)",1
1123,"(2, 3, 2, 1, 3, 2, 1, 2, 3, 2, 2, 3)",1
1124,"(1, 3, 1, 1, 3, 2, 2, 3, 3, 1, 2, 3)",1
1125,"(2, 3, 3, 3, 2, 2, 1, 2, 3, 1, 2, 3)",1
1126,"(1, 2, 3, 1, 3, 3, 3, 3, 3, 2, 2, 3)",1
1127,"(1, 2, 3, 3, 2, 1, 3, 3, 3, 3, 2, 3)",1
1128,"(1, 2, 3, 2, 2, 1, 1, 2, 3, 1, 3, 3)",1
1129,"(2, 3, 1, 1, 3, 2, 2, 3, 3, 1, 3, 3)",2
1130,"(1, 2, 1, 1, 3, 2, 3, 3, 3, 3, 2, 3)",1
1131,"(2, 3, 2, 2, 2, 1, 1, 2, 3, 1, 2, 3)",2
1132,"(1, 2, 2, 1, 3, 2, 1, 2, 3, 1, 2, 3)",1
1133,"(1, 3, 1, 1, 3, 1, 3, 3, 3, 3, 2, 3)",2
1134,"(1, 2, 1, 1, 3, 1, 1, 3, 3, 1, 2, 3)",1
1135,"(1, 2, 2, 1, 3, 3, 3, 3, 3, 3, 2, 3)",2
1136,"(3, 3, 2, 1, 3, 3, 1, 3, 3, 1, 2, 3)",1
1137,"(2, 3, 3, 3, 2, 2, 1, 3, 3, 1, 2, 3)",1
1138,"(1, 2, 3, 3, 2, 1, 1, 3, 3, 1, 2, 3)",1
1139,"(2, 3, 1, 1, 3, 2, 2, 3, 3, 2, 2, 3)",1
1140,"(1, 2, 1, 1, 3, 3, 1, 2, 3, 1, 3, 3)",1
1141,"(1, 3, 1, 1, 3, 1, 3, 2, 3, 3, 3, 3)",1
1142,"(1, 2, 2, 1, 3, 3, 2, 3, 3, 1, 2, 3)",1
1143,"(2, 3, 3, 1, 3, 3, 1, 2, 3, 1, 2, 3)",2
1144,"(2, 3, 3, 3, 2, 1, 1, 3, 3, 1, 2, 3)",1
1145,"(1, 2, 3, 1, 3, 3, 1, 2, 3, 2, 2, 3)",1
1146,"(2, 3, 1, 1, 3, 1, 1, 2, 3, 1, 2, 3)",1
1147,"(1, 2, 3, 3, 2, 1, 2, 3, 3, 1, 2, 3)",1
1148,"(1, 2, 2, 2, 2, 1, 3, 3, 3, 3, 2, 3)",1
1149,"(1, 2, 3, 1, 2, 3, 2, 2, 3, 3, 3, 3)",1
1150,"(2, 3, 1, 1, 3, 1, 3, 3, 3, 2, 2, 3)",1
1151,"(1, 2, 2, 1, 3, 2, 1, 3, 3, 1, 2, 3)",1
1152,"(1, 2, 2, 1, 3, 2, 2, 3, 3, 1, 2, 3)",1
1153,"(1, 2, 2, 1, 2, 1, 2, 3, 3, 2, 2, 3)",1
1154,"(1, 2, 3, 1, 3, 3, 3, 3, 3, 3, 2, 3)",2
1155,"(2, 3, 1, 1, 3, 2, 1, 2, 3, 1, 2, 3)",1
1156,"(1, 2, 3, 1, 3, 3, 3, 3, 3, 3, 3, 3)",1
1157,"(1, 2, 2, 2, 2, 1, 3, 3, 3, 2, 3, 3)",1
1158,"(1, 2, 1, 1, 3, 2, 1, 3, 3, 1, 2, 3)",1
1159,"(1, 2, 1, 1, 3, 2, 3, 3, 3, 2, 2, 3)",2
1160,"(2, 3, 3, 2, 2, 2, 1, 2, 3, 1, 2, 3)",1
1161,"(1, 3, 1, 1, 3, 2, 3, 3, 3, 2, 2, 3)",1
1162,"(2, 3, 3, 1, 3, 3, 1, 2, 3, 2, 2, 3)",1
1163,"(1, 2, 3, 2, 2, 2, 3, 3, 3, 3, 2, 3)",1
1164,"(1, 3, 2, 1, 2, 2, 1, 2, 3, 1, 2, 3)",1
1165,"(1, 2, 3, 3, 3, 2, 1, 3, 3, 1, 2, 3)",1
1166,"(1, 2, 2, 1, 3, 3, 3, 3, 3, 2, 2, 3)",1
1167,"(1, 2, 3, 2, 2, 3, 3, 3, 3, 2, 2, 3)",1
1168,"(2, 3, 1, 1, 2, 1, 3, 3, 3, 3, 2, 3)",1
1169,"(1, 2, 1, 1, 2, 1, 3, 3, 3, 3, 2, 3)",1
1170,"(2, 3, 3, 1, 2, 3, 1, 2, 3, 2, 3, 3)",1
1171,"(2, 3, 1, 1, 3, 2, 3, 3, 3, 3, 2, 3)",1
1172,"(1, 2, 3, 3, 2, 1, 3, 3, 3, 3, 2, 3)",1
1173,"(1, 2, 3, 3, 2, 2, 3, 3, 3, 2, 3, 3)",1
1174,"(1, 2, 3, 1, 3, 3, 2, 3, 3, 2, 2, 3)",1
1175,"(1, 3, 1, 1, 3, 1, 2, 2, 3, 2, 2, 3)",1
1176,"(2, 3, 2, 1, 3, 2, 1, 2, 3, 1, 3, 3)",1
1177,"(2, 3, 1, 1, 2, 1, 1, 3, 3, 1, 2, 3)",1
1178,"(1, 2, 3, 2, 2, 1, 3, 3, 3, 3, 2, 3)",1
1179,"(2, 3, 1, 1, 3, 2, 2, 3, 3, 1, 2, 3)",3
1180,"(1, 2, 3, 3, 2, 1, 3, 2, 3, 3, 2, 3)",1
1181,"(2, 3, 1, 1, 3, 2, 2, 3, 3, 1, 3, 3)",2
1182,"(1, 2, 3, 3, 2, 1, 3, 2, 3, 3, 3, 3)",1
1183,"(1, 2, 3, 1, 3, 3, 3, 3, 3, 2, 2, 3)",1
1184,"(1, 2, 3, 1, 3, 3, 2, 3, 3, 1, 3, 3)",1
1185,"(1, 2, 3, 1, 3, 3, 1, 3, 3, 1, 2, 3)",1
1186,"(1, 2, 3, 1, 3, 3, 2, 3, 3, 1, 2, 3)",2
1187,"(1, 2, 3, 2, 2, 2, 1, 3, 3, 1, 2, 3)",1
1188,"(2, 3, 2, 1, 2, 1, 1, 3, 3, 1, 2, 3)",1
1189,"(3, 3, 2, 1, 3, 3, 1, 3, 3, 1, 2, 3)",1
1190,"(1, 2, 3, 2, 2, 2, 3, 3, 3, 3, 2, 3)",1
1191,"(1, 2, 2, 1, 2, 1, 3, 3, 3, 3, 2, 3)",1
1192,"(1, 2, 2, 1, 3, 3, 2, 3, 3, 1, 2, 3)",2
1193,"(1, 2, 2, 1, 3, 3, 2, 3, 3, 1, 3, 3)",1
1194,"(1, 2, 3, 3, 2, 1, 2, 3, 3, 1, 2, 3)",2
1195,"(1, 2, 2, 2, 2, 1, 3, 3, 3, 3, 2, 3)",1
1196,"(1, 3, 1, 1, 3, 2, 3, 3, 3, 3, 2, 3)",2
1197,"(1, 2, 2, 2, 2, 1, 3, 3, 3, 2, 2, 3)",1
1198,"(2, 2, 2, 2, 2, 1, 3, 3, 3, 2, 2, 3)",1
1199,"(2, 3, 1, 1, 3, 1, 3, 3, 3, 2, 2, 3)",1
1200,"(2, 3, 3, 2, 2, 1, 1, 2, 3, 1, 2, 3)",1
1201,"(1, 2, 2, 1, 2, 1, 3, 3, 3, 2, 3, 3)",1
1202,"(1, 2, 2, 1, 3, 2, 1, 3, 3, 1, 2, 3)",1
1203,"(2, 3, 1, 1, 3, 1, 2, 3, 3, 1, 3, 3)",1
1204,"(2, 3, 1, 1, 3, 1, 1, 3, 3, 1, 2, 3)",1
1205,"(2, 3, 1, 1, 3, 1, 2, 3, 3, 1, 2, 3)",1
1206,"(2, 3, 2, 1, 2, 2, 1, 2, 3, 1, 2, 3)",1
1207,"(3, 3, 3, 3, 2, 1, 1, 3, 3, 1, 2, 3)",1
1208,"(1, 2, 3, 1, 3, 3, 3, 3, 3, 3, 2, 3)",2
1209,"(1, 2, 3, 3, 2, 1, 3, 3, 3, 2, 2, 3)",1
1210,"(1, 2, 1, 1, 3, 2, 2, 3, 3, 1, 2, 3)",1
1211,"(1, 2, 3, 3, 2, 1, 2, 3, 3, 2, 2, 3)",2
1212,"(2, 3, 1, 1, 3, 1, 2, 3, 3, 3, 2, 3)",1
1213,"(1, 3, 1, 1, 3, 1, 3, 3, 3, 2, 2, 3)",1
1214,"(1, 2, 3, 3, 2, 2, 2, 3, 3, 2, 2, 3)",1
1215,"(1, 2, 2, 1, 3, 3, 3, 3, 3, 2, 2, 3)",1
1216,"(1, 2, 2, 3, 2, 1, 3, 3, 3, 2, 2, 3)",1
1217,"(2, 3, 1, 1, 2, 1, 1, 2, 3, 1, 2, 3)",1
1218,"(1, 2, 2, 1, 3, 3, 3, 3, 3, 2, 3, 3)",1
1219,"(1, 2, 3, 2, 2, 2, 2, 3, 3, 1, 2, 3)",1
1220,"(1, 2, 3, 3, 2, 1, 3, 3, 3, 3, 2, 3)",1
1221,"(2, 3, 3, 1, 3, 3, 1, 2, 3, 1, 3, 3)",1
1222,"(1, 2, 3, 1, 3, 3, 2, 3, 3, 2, 2, 3)",3
1223,"(1, 2, 1, 1, 3, 1, 2, 3, 3, 2, 2, 3)",1
1224,"(1, 2, 1, 1, 3, 2, 2, 3, 3, 1, 2, 3)",2
1225,"(1, 2, 3, 2, 2, 1, 2, 3, 3, 2, 2, 3)",1
1226,"(1, 2, 2, 1, 3, 3, 2, 3, 3, 2, 2, 3)",1
1227,"(1, 2, 1, 1, 2, 1, 3, 2, 3, 3, 3, 3)",1
1228,"(2, 3, 1, 1, 3, 2, 2, 3, 3, 1, 2, 3)",2
1229,"(2, 3, 1, 1, 3, 2, 1, 3, 3, 1, 2, 3)",1
1230,"(2, 3, 1, 1, 3, 2, 3, 3, 3, 2, 2, 3)",1
1231,"(1, 2, 2, 1, 3, 3, 2, 3, 3, 1, 2, 3)",1
1232,"(1, 2, 3, 1, 3, 3, 3, 3, 3, 2, 2, 3)",1
1233,"(1, 3, 1, 1, 2, 1, 3, 3, 3, 3, 2, 3)",1
1234,"(1, 2, 2, 1, 2, 1, 2, 2, 3, 3, 2, 3)",1
1235,"(1, 2, 3, 1, 3, 3, 2, 3, 3, 1, 3, 3)",1
1236,"(2, 2, 1, 2, 2, 1, 1, 3, 3, 1, 2, 3)",1
1237,"(1, 2, 3, 1, 3, 3, 1, 3, 3, 1, 2, 3)",1
1238,"(1, 2, 1, 1, 2, 1, 2, 3, 3, 1, 2, 3)",1
1239,"(1, 3, 1, 1, 3, 1, 3, 3, 3, 3, 2, 3)",1
1240,"(2, 3, 2, 1, 3, 3, 1, 2, 3, 1, 2, 3)",1
1241,"(1, 2, 1, 1, 3, 1, 2, 3, 3, 1, 2, 3)",1
1242,"(2, 3, 3, 1, 2, 3, 1, 2, 3, 1, 2, 3)",1
1243,"(1, 2, 2, 1, 3, 2, 2, 3, 3, 2, 2, 3)",1
1244,"(1, 2, 3, 1, 2, 2, 2, 3, 3, 2, 2, 3)",1
1245,"(2, 3, 1, 1, 3, 1, 2, 3, 3, 2, 2, 3)",1
1246,"(2, 3, 1, 1, 3, 2, 2, 3, 3, 2, 2, 3)",1
1247,"(2, 3, 1, 1, 2, 1, 3, 2, 3, 3, 2, 3)",1
1248,"(1, 2, 2, 1, 3, 3, 3, 2, 3, 3, 2, 3)",1
1249,"(1, 3, 1, 1, 3, 1, 2, 3, 3, 1, 3, 3)",1
1250,"(1, 2, 1, 1, 2, 1, 3, 3, 3, 2, 2, 3)",1
1251,"(1, 2, 3, 3, 2, 1, 2, 3, 3, 1, 2, 3)",2
1252,"(1, 2, 3, 3, 2, 1, 1, 3, 3, 1, 2, 3)",1
1253,"(1, 2, 3, 3, 2, 1, 3, 3, 3, 2, 2, 3)",2
1254,"(1, 3, 1, 1, 3, 1, 2, 3, 3, 2, 3, 3)",1
1255,"(1, 2, 3, 1, 3, 3, 2, 2, 3, 3, 3, 3)",1
1256,"(1, 2, 3, 2, 2, 2, 3, 3, 3, 2, 2, 3)",1
1257,"(1, 2, 3, 3, 3, 3, 1, 3, 3, 1, 2, 3)",1
1258,"(1, 2, 2, 1, 3, 2, 1, 3, 3, 1, 2, 3)",1
1259,"(1, 2, 2, 2, 2, 1, 3, 3, 3, 2, 2, 3)",1
1260,"(2, 3, 1, 1, 3, 1, 1, 3, 3, 1, 2, 3)",2
1261,"(2, 3, 1, 1, 3, 1, 2, 3, 3, 1, 2, 3)",1
1262,"(1, 2, 2, 2, 2, 1, 3, 2, 3, 3, 3, 3)",1
1263,"(1, 2, 2, 1, 2, 1, 2, 2, 3, 2, 2, 3)",1
1264,"(1, 2, 1, 1, 2, 1, 2, 3, 3, 2, 2, 3)",1
1265,"(1, 3, 1, 1, 3, 2, 1, 2, 3, 1, 2, 3)",1
1266,"(2, 3, 1, 1, 3, 2, 1, 2, 3, 1, 2, 3)",1
1267,"(1, 2, 1, 1, 3, 1, 3, 3, 3, 3, 2, 3)",2
1268,"(2, 3, 1, 1, 2, 1, 3, 3, 3, 2, 2, 3)",1
1269,"(1, 3, 1, 1, 3, 2, 3, 3, 3, 2, 2, 3)",1
1270,"(3, 3, 1, 2, 2, 1, 3, 3, 3, 3, 2, 3)",1
1271,"(1, 2, 3, 2, 2, 2, 3, 3, 3, 3, 2, 3)",1
1272,"(1, 2, 2, 2, 2, 1, 2, 3, 3, 2, 2, 3)",1
1273,"(1, 2, 2, 3, 2, 1, 1, 3, 3, 1, 2, 3)",1
1274,"(1, 2, 1, 1, 2, 1, 3, 3, 3, 3, 2, 3)",1
1275,"(1, 2, 3, 1, 2, 3, 1, 3, 3, 2, 2, 3)",1
1276,"(2, 3, 3, 3, 2, 1, 1, 2, 3, 1, 2, 3)",2
1277,"(1, 2, 2, 1, 2, 2, 2, 3, 3, 1, 3, 3)",1
1278,"(1, 2, 2, 1, 3, 3, 1, 2, 3, 1, 2, 3)",1
1279,"(1, 2, 3, 3, 2, 1, 3, 3, 3, 3, 2, 3)",1
1280,"(1, 2, 3, 1, 2, 2, 2, 3, 3, 1, 2, 3)",1
1281,"(1, 2, 3, 1, 3, 3, 2, 3, 3, 2, 2, 3)",1
1282,"(1, 2, 1, 1, 3, 1, 2, 3, 3, 2, 2, 3)",1
1283,"(1, 2, 2, 2, 2, 1, 1, 3, 3, 1, 2, 3)",1
1284,"(1, 2, 1, 1, 3, 1, 3, 3, 3, 3, 2, 3)",1
1285,"(1, 2, 1, 1, 3, 2, 2, 3, 3, 2, 2, 3)",1
1286,"(1, 2, 2, 1, 3, 3, 2, 3, 3, 2, 2, 3)",2
1287,"(2, 3, 1, 1, 3, 2, 2, 3, 3, 1, 2, 3)",1
1288,"(2, 3, 1, 1, 3, 2, 1, 3, 3, 1, 2, 3)",2
1289,"(1, 3, 1, 1, 3, 2, 2, 3, 3, 1, 2, 3)",1
1290,"(2, 2, 1, 2, 2, 1, 3, 3, 3, 3, 2, 3)",1
1291,"(1, 2, 2, 2, 2, 1, 3, 3, 3, 2, 2, 3)",1
1292,"(1, 2, 2, 1, 3, 3, 1, 2, 3, 2, 3, 3)",1
1293,"(3, 3, 1, 1, 2, 1, 3, 3, 3, 3, 2, 3)",1
1294,"(1, 2, 2, 2, 2, 1, 2, 3, 3, 2, 2, 3)",1
1295,"(1, 2, 3, 1, 3, 3, 2, 3, 3, 1, 2, 3)",3
1296,"(1, 2, 3, 2, 2, 2, 1, 3, 3, 1, 2, 3)",1
1297,"(2, 3, 2, 1, 3, 3, 1, 2, 3, 1, 2, 3)",1
1298,"(1, 2, 1, 1, 3, 1, 2, 3, 3, 1, 2, 3)",1
1299,"(1, 2, 2, 1, 3, 3, 3, 3, 3, 3, 2, 3)",1
1300,"(2, 3, 1, 1, 3, 2, 2, 2, 3, 2, 3, 3)",1
1301,"(2, 3, 2, 2, 2, 1, 1, 3, 3, 1, 2, 3)",1
1302,"(2, 3, 1, 1, 3, 2, 2, 3, 3, 2, 2, 3)",2
1303,"(1, 2, 3, 3, 3, 2, 2, 3, 3, 1, 2, 3)",1
1304,"(1, 3, 1, 1, 3, 2, 1, 2, 3, 1, 2, 3)",1
1305,"(1, 2, 2, 1, 3, 3, 2, 3, 3, 1, 2, 3)",1
1306,"(1, 2, 1, 1, 2, 1, 2, 3, 3, 1, 3, 3)",1
1307,"(1, 2, 2, 2, 2, 1, 3, 3, 3, 3, 2, 3)",1
1308,"(1, 2, 3, 3, 2, 1, 3, 3, 3, 2, 2, 3)",1
1309,"(1, 2, 3, 3, 2, 1, 2, 3, 3, 1, 3, 3)",1
1310,"(2, 2, 1, 2, 2, 1, 2, 2, 3, 2, 2, 3)",1
1311,"(1, 2, 2, 2, 2, 1, 2, 3, 3, 1, 2, 3)",1
1312,"(2, 3, 1, 2, 2, 1, 1, 2, 3, 1, 2, 3)",1
1313,"(2, 3, 1, 1, 3, 2, 3, 3, 3, 3, 2, 3)",2
1314,"(2, 3, 3, 1, 3, 3, 1, 3, 3, 1, 2, 3)",1
1315,"(2, 3, 1, 1, 3, 1, 2, 3, 3, 1, 3, 3)",1
1316,"(2, 3, 1, 1, 3, 1, 2, 3, 3, 1, 2, 3)",3
1317,"(1, 2, 3, 2, 2, 1, 2, 3, 3, 1, 2, 3)",1
1318,"(1, 2, 3, 2, 3, 3, 2, 3, 3, 1, 2, 3)",1
1319,"(1, 2, 1, 1, 2, 1, 2, 3, 3, 2, 2, 3)",1
1320,"(1, 2, 3, 1, 3, 3, 3, 3, 3, 3, 2, 3)",1
1321,"(1, 2, 3, 1, 3, 3, 3, 3, 3, 3, 3, 3)",2
1322,"(1, 2, 1, 1, 3, 2, 2, 3, 3, 1, 2, 3)",2
1323,"(1, 2, 1, 1, 3, 2, 1, 3, 3, 1, 2, 3)",4
1324,"(1, 2, 2, 1, 3, 3, 1, 3, 3, 1, 2, 3)",1
1325,"(2, 3, 3, 2, 2, 2, 1, 2, 3, 1, 2, 3)",1
1326,"(1, 3, 1, 1, 3, 2, 1, 3, 3, 1, 2, 3)",1
1327,"(1, 3, 1, 1, 3, 1, 3, 3, 3, 2, 2, 3)",1
1328,"(1, 2, 3, 3, 3, 2, 1, 3, 3, 1, 2, 3)",1
1329,"(3, 3, 1, 2, 2, 1, 3, 3, 3, 2, 2, 3)",1
1330,"(2, 3, 1, 1, 2, 1, 1, 2, 3, 1, 2, 3)",1
1331,"(2, 2, 2, 2, 2, 1, 2, 3, 3, 1, 2, 3)",1
1332,"(1, 2, 3, 2, 2, 2, 2, 3, 3, 1, 2, 3)",1
1333,"(1, 2, 2, 1, 3, 3, 1, 2, 3, 1, 2, 3)",1
1334,"(1, 2, 3, 3, 2, 1, 3, 3, 3, 3, 2, 3)",2
1335,"(1, 2, 1, 1, 2, 1, 3, 3, 3, 3, 2, 3)",2
1336,"(1, 2, 3, 1, 3, 3, 2, 3, 3, 2, 2, 3)",2
1337,"(3, 3, 3, 1, 3, 3, 1, 3, 3, 1, 2, 3)",1
1338,"(1, 2, 2, 2, 2, 1, 2, 3, 3, 1, 2, 3)",2
1339,"(1, 2, 2, 2, 2, 1, 2, 3, 3, 1, 3, 3)",1
1340,"(1, 3, 1, 1, 3, 1, 1, 3, 3, 1, 2, 3)",1
1341,"(1, 2, 1, 1, 3, 2, 2, 3, 3, 2, 2, 3)",1
1342,"(1, 2, 2, 1, 3, 3, 2, 3, 3, 2, 2, 3)",2
1343,"(1, 2, 3, 1, 3, 3, 1, 2, 3, 1, 3, 3)",1
1344,"(2, 3, 1, 1, 3, 2, 2, 3, 3, 1, 2, 3)",2
1345,"(1, 2, 2, 2, 2, 1, 1, 2, 3, 1, 2, 3)",1
1346,"(1, 2, 3, 1, 3, 3, 3, 3, 3, 2, 3, 3)",1
1347,"(3, 3, 3, 3, 2, 2, 1, 3, 3, 1, 2, 3)",1
1348,"(1, 2, 3, 1, 3, 3, 3, 3, 3, 2, 2, 3)",1
1349,"(1, 2, 2, 1, 2, 1, 2, 3, 3, 1, 2, 3)",2
1350,"(2, 2, 3, 3, 2, 1, 3, 3, 3, 1, 2, 3)",1
1351,"(1, 2, 1, 1, 3, 1, 3, 3, 3, 2, 2, 3)",1
1352,"(1, 2, 1, 1, 3, 2, 3, 3, 3, 3, 2, 3)",2
1353,"(1, 2, 3, 1, 3, 3, 1, 3, 3, 1, 2, 3)",2
1354,"(1, 2, 1, 2, 2, 1, 3, 3, 3, 2, 2, 3)",1
1355,"(2, 3, 2, 1, 3, 3, 1, 2, 3, 1, 2, 3)",1
1356,"(1, 2, 2, 2, 2, 1, 2, 3, 3, 2, 2, 3)",1
1357,"(1, 2, 3, 1, 2, 3, 3, 3, 3, 3, 3, 3)",1
1358,"(1, 2, 2, 1, 3, 3, 3, 3, 3, 3, 2, 3)",1
1359,"(1, 2, 3, 2, 2, 1, 3, 3, 3, 2, 2, 3)",1
1360,"(1, 3, 1, 1, 3, 2, 3, 3, 3, 3, 2, 3)",1
1361,"(1, 2, 3, 2, 2, 2, 3, 3, 3, 2, 3, 3)",1
1362,"(1, 2, 2, 1, 3, 3, 2, 3, 3, 1, 2, 3)",1
1363,"(2, 3, 3, 1, 3, 3, 1, 2, 3, 1, 2, 3)",1
1364,"(1, 2, 2, 1, 3, 3, 2, 3, 3, 1, 3, 3)",1
1365,"(2, 3, 2, 2, 2, 1, 1, 2, 3, 1, 2, 3)",1
1366,"(1, 2, 2, 2, 3, 3, 2, 3, 3, 1, 2, 3)",1
1367,"(1, 2, 3, 3, 2, 1, 2, 3, 3, 1, 2, 3)",1
1368,"(2, 2, 1, 2, 2, 1, 2, 3, 3, 2, 2, 3)",1
1369,"(2, 3, 1, 1, 3, 2, 3, 3, 3, 3, 2, 3)",3
1370,"(2, 2, 3, 3, 2, 1, 3, 3, 3, 3, 2, 3)",1
1371,"(1, 2, 2, 2, 2, 1, 2, 2, 3, 3, 3, 3)",1
1372,"(1, 2, 2, 1, 2, 1, 2, 3, 3, 2, 2, 3)",1
1373,"(1, 2, 3, 2, 3, 3, 1, 3, 3, 1, 2, 3)",1
1374,"(1, 2, 3, 1, 3, 3, 3, 3, 3, 3, 2, 3)",1
1375,"(1, 2, 3, 1, 3, 3, 3, 3, 3, 3, 3, 3)",1
1376,"(1, 2, 1, 1, 3, 2, 2, 3, 3, 1, 2, 3)",1
1377,"(2, 3, 1, 1, 2, 1, 1, 3, 3, 1, 2, 3)",2
1378,"(1, 2, 1, 1, 3, 2, 2, 3, 3, 1, 3, 3)",1
1379,"(1, 2, 3, 3, 2, 1, 2, 3, 3, 2, 2, 3)",1
1380,"(1, 3, 1, 1, 3, 2, 3, 3, 3, 2, 2, 3)",1
1381,"(1, 3, 1, 1, 3, 2, 1, 3, 3, 1, 2, 3)",1
1382,"(1, 3, 1, 1, 3, 1, 3, 3, 3, 2, 2, 3)",1
1383,"(1, 2, 2, 2, 2, 1, 1, 3, 3, 2, 2, 3)",1
1384,"(1, 2, 1, 1, 3, 2, 1, 2, 3, 1, 3, 3)",1
1385,"(2, 3, 1, 1, 3, 2, 2, 3, 3, 3, 2, 3)",1
1386,"(1, 2, 3, 3, 3, 3, 2, 3, 3, 1, 2, 3)",1
1387,"(1, 2, 3, 3, 2, 1, 3, 3, 3, 3, 2, 3)",2
1388,"(1, 2, 3, 2, 2, 1, 2, 3, 3, 2, 2, 3)",1
1389,"(1, 2, 3, 1, 3, 3, 2, 3, 3, 2, 2, 3)",1
1390,"(1, 2, 3, 3, 2, 1, 1, 2, 3, 1, 2, 3)",1
1391,"(1, 2, 1, 1, 3, 1, 2, 3, 3, 2, 2, 3)",1
1392,"(1, 2, 1, 1, 3, 1, 3, 3, 3, 3, 2, 3)",1
1393,"(1, 3, 1, 1, 3, 1, 2, 3, 3, 2, 2, 3)",1
1394,"(1, 2, 2, 2, 2, 1, 3, 3, 3, 2, 3, 3)",1
1395,"(2, 3, 3, 3, 2, 1, 1, 2, 3, 1, 2, 3)",2
1396,"(1, 2, 3, 3, 2, 1, 2, 3, 3, 2, 2, 3)",2
1397,"(1, 2, 3, 2, 2, 2, 3, 2, 3, 3, 3, 3)",1
1398,"(2, 3, 1, 1, 3, 2, 1, 3, 3, 1, 2, 3)",2
1399,"(1, 2, 2, 1, 2, 1, 2, 3, 3, 1, 2, 3)",1
1400,"(2, 3, 1, 1, 2, 1, 3, 3, 3, 3, 3, 3)",1
1401,"(3, 3, 1, 2, 2, 1, 3, 3, 3, 3, 2, 3)",1
1402,"(1, 2, 1, 1, 3, 2, 3, 3, 3, 3, 2, 3)",1
1403,"(1, 2, 2, 2, 2, 1, 2, 3, 3, 2, 2, 3)",2
1404,"(1, 2, 3, 1, 3, 3, 2, 3, 3, 1, 2, 3)",1
1405,"(1, 2, 1, 1, 3, 1, 2, 3, 3, 1, 2, 3)",3
1406,"(1, 2, 2, 1, 3, 3, 3, 3, 3, 3, 2, 3)",1
1407,"(1, 2, 3, 1, 2, 3, 3, 3, 3, 3, 2, 3)",1
1408,"(1, 3, 2, 1, 3, 2, 1, 2, 3, 1, 2, 3)",1
1409,"(1, 2, 3, 3, 3, 1, 1, 3, 3, 1, 2, 3)",1
1410,"(1, 2, 3, 3, 2, 1, 3, 3, 3, 3, 3, 3)",1
1411,"(1, 2, 2, 2, 2, 1, 3, 3, 3, 3, 2, 3)",2
1412,"(1, 3, 1, 1, 3, 1, 2, 2, 3, 3, 3, 3)",1
1413,"(1, 2, 3, 3, 2, 1, 2, 3, 3, 1, 2, 3)",3
1414,"(1, 2, 3, 3, 2, 1, 1, 3, 3, 1, 2, 3)",2
1415,"(1, 2, 3, 3, 2, 1, 3, 3, 3, 2, 2, 3)",1
1416,"(1, 2, 3, 2, 2, 1, 1, 3, 3, 1, 2, 3)",1
1417,"(1, 2, 2, 2, 2, 1, 2, 3, 3, 1, 2, 3)",1
1418,"(2, 3, 3, 3, 2, 1, 1, 2, 3, 2, 2, 3)",1
1419,"(1, 2, 2, 1, 3, 2, 2, 3, 3, 1, 3, 3)",1
1420,"(1, 2, 3, 2, 2, 2, 2, 3, 3, 1, 2, 3)",2
1421,"(1, 2, 2, 1, 3, 2, 1, 3, 3, 1, 2, 3)",1
1422,"(1, 2, 2, 1, 3, 2, 2, 3, 3, 1, 2, 3)",1
1423,"(1, 3, 3, 3, 2, 1, 1, 2, 3, 1, 3, 3)",1
1424,"(2, 3, 1, 1, 3, 1, 2, 3, 3, 1, 2, 3)",1
1425,"(1, 2, 2, 1, 2, 1, 2, 3, 3, 2, 2, 3)",1
1426,"(1, 2, 3, 2, 2, 1, 2, 3, 3, 1, 2, 3)",1
1427,"(1, 2, 3, 2, 3, 3, 2, 3, 3, 1, 2, 3)",1
1428,"(1, 2, 3, 2, 3, 3, 1, 3, 3, 1, 2, 3)",1
1429,"(1, 2, 3, 1, 3, 3, 3, 3, 3, 3, 2, 3)",1
1430,"(1, 3, 1, 1, 3, 1, 1, 3, 3, 1, 2, 3)",1
1431,"(1, 2, 1, 1, 3, 2, 2, 3, 3, 1, 2, 3)",1
1432,"(2, 3, 1, 1, 2, 1, 1, 3, 3, 1, 2, 3)",1
1433,"(1, 2, 1, 1, 3, 2, 3, 3, 3, 2, 2, 3)",1
1434,"(1, 2, 2, 1, 3, 3, 1, 3, 3, 1, 2, 3)",1
1435,"(1, 3, 1, 1, 3, 2, 1, 3, 3, 1, 2, 3)",2
1436,"(1, 2, 3, 2, 2, 2, 3, 3, 3, 3, 2, 3)",1
1437,"(1, 2, 3, 2, 2, 3, 2, 3, 3, 2, 3, 3)",1
1438,"(1, 2, 3, 2, 2, 2, 2, 3, 3, 2, 2, 3)",1
1439,"(2, 3, 1, 1, 2, 1, 1, 2, 3, 1, 2, 3)",1
1440,"(2, 3, 1, 1, 3, 2, 3, 2, 3, 3, 3, 3)",1
1441,"(1, 2, 2, 1, 2, 2, 3, 3, 3, 3, 2, 3)",1
1442,"(2, 3, 3, 3, 2, 1, 1, 2, 3, 1, 2, 3)",1
1443,"(1, 2, 3, 3, 2, 1, 3, 3, 3, 3, 2, 3)",3
1444,"(2, 3, 3, 1, 2, 2, 1, 3, 3, 1, 2, 3)",1
1445,"(1, 3, 2, 1, 3, 3, 1, 2, 3, 1, 2, 3)",1
1446,"(1, 2, 1, 1, 2, 1, 3, 3, 3, 3, 2, 3)",1
1447,"(1, 2, 2, 2, 2, 1, 2, 3, 3, 1, 2, 3)",2
1448,"(1, 2, 1, 1, 3, 2, 2, 3, 3, 2, 2, 3)",1
1449,"(1, 2, 3, 3, 2, 1, 3, 3, 3, 3, 3, 3)",1
1450,"(2, 2, 3, 3, 2, 1, 3, 3, 3, 2, 2, 3)",1
1451,"(2, 3, 1, 1, 3, 2, 1, 3, 3, 1, 3, 3)",1
1452,"(1, 2, 2, 1, 3, 3, 3, 2, 3, 3, 3, 3)",1
1453,"(2, 3, 1, 1, 3, 2, 1, 3, 3, 1, 2, 3)",2
1454,"(1, 2, 1, 1, 3, 1, 1, 2, 3, 1, 2, 3)",1
1455,"(1, 2, 3, 1, 3, 3, 3, 3, 3, 2, 2, 3)",1
1456,"(1, 2, 2, 2, 3, 1, 2, 3, 3, 1, 2, 3)",3
1457,"(2, 3, 3, 1, 2, 3, 1, 3, 3, 1, 2, 3)",1
1458,"(2, 3, 1, 1, 3, 2, 2, 3, 3, 1, 3, 3)",1
1459,"(1, 2, 1, 1, 3, 2, 3, 3, 3, 3, 2, 3)",2
1460,"(1, 2, 3, 3, 2, 1, 1, 3, 3, 1, 3, 3)",1
1461,"(2, 3, 3, 2, 2, 3, 1, 2, 3, 1, 3, 3)",1
1462,"(1, 2, 1, 1, 3, 1, 1, 3, 3, 1, 2, 3)",1
1463,"(1, 2, 2, 2, 2, 1, 2, 3, 3, 2, 2, 3)",1
1464,"(2, 3, 2, 1, 3, 3, 1, 2, 3, 1, 3, 3)",1
1465,"(1, 2, 3, 1, 2, 3, 3, 3, 3, 3, 2, 3)",1
1466,"(2, 3, 2, 1, 2, 2, 1, 2, 3, 2, 3, 3)",1
1467,"(1, 2, 2, 2, 3, 2, 2, 3, 3, 1, 2, 3)",1
1468,"(2, 3, 2, 2, 2, 1, 1, 3, 3, 1, 2, 3)",1
1469,"(2, 3, 1, 1, 3, 2, 2, 3, 3, 2, 2, 3)",2
1470,"(1, 3, 1, 1, 3, 1, 2, 3, 3, 1, 2, 3)",1
1471,"(1, 2, 1, 1, 3, 2, 3, 2, 3, 3, 3, 3)",1
1472,"(1, 2, 1, 1, 2, 1, 3, 3, 3, 2, 2, 3)",1
1473,"(2, 3, 3, 1, 3, 3, 1, 2, 3, 1, 2, 3)",2
1474,"(2, 3, 2, 2, 2, 1, 1, 2, 3, 1, 2, 3)",1
1475,"(1, 2, 3, 3, 2, 1, 2, 3, 3, 1, 2, 3)",3
1476,"(2, 3, 1, 1, 2, 1, 1, 2, 3, 2, 2, 3)",1
1477,"(1, 2, 2, 1, 3, 2, 3, 3, 3, 2, 2, 3)",1
1478,"(2, 3, 1, 1, 3, 1, 3, 3, 3, 2, 3, 3)",1
1479,"(1, 2, 3, 2, 2, 2, 2, 3, 3, 1, 2, 3)",1
1480,"(2, 3, 1, 1, 3, 2, 3, 3, 3, 3, 2, 3)",1
1481,"(1, 2, 2, 1, 3, 3, 3, 3, 3, 3, 2, 3)",1
1482,"(1, 2, 2, 1, 3, 2, 1, 3, 3, 1, 2, 3)",2
1483,"(1, 2, 2, 1, 3, 2, 2, 3, 3, 1, 2, 3)",1
1484,"(1, 2, 2, 1, 2, 1, 2, 3, 3, 2, 2, 3)",1
1485,"(1, 2, 2, 3, 2, 1, 3, 3, 3, 3, 2, 3)",1
1486,"(2, 3, 1, 1, 3, 1, 2, 3, 3, 1, 2, 3)",1
1487,"(2, 3, 1, 1, 3, 1, 1, 3, 3, 1, 3, 3)",1
1488,"(2, 2, 1, 2, 2, 1, 2, 3, 3, 2, 2, 3)",1
1489,"(1, 2, 3, 1, 3, 3, 3, 2, 3, 3, 3, 3)",1
1490,"(2, 3, 1, 2, 2, 1, 1, 3, 3, 1, 2, 3)",1
1491,"(1, 2, 3, 1, 3, 3, 3, 3, 3, 3, 2, 3)",1
1492,"(1, 2, 3, 1, 3, 3, 3, 3, 3, 3, 3, 3)",1
1493,"(1, 2, 1, 1, 3, 2, 2, 3, 3, 1, 2, 3)",1
1494,"(1, 2, 3, 3, 2, 1, 2, 3, 3, 2, 2, 3)",1
1495,"(1, 2, 3, 2, 2, 2, 2, 2, 3, 3, 3, 3)",1
1496,"(1, 2, 1, 2, 2, 1, 3, 3, 3, 3, 2, 3)",1
1497,"(2, 3, 2, 1, 2, 2, 1, 2, 3, 1, 2, 3)",1
1498,"(1, 2, 2, 1, 2, 2, 3, 3, 3, 3, 2, 3)",1
1499,"(1, 2, 3, 3, 3, 3, 2, 3, 3, 1, 2, 3)",1
1500,"(2, 3, 2, 1, 3, 2, 1, 3, 3, 1, 2, 3)",1
1501,"(1, 2, 3, 3, 2, 1, 3, 3, 3, 3, 2, 3)",2
1502,"(1, 2, 3, 1, 2, 2, 2, 3, 3, 1, 2, 3)",1
1503,"(1, 2, 3, 1, 3, 3, 2, 3, 3, 2, 2, 3)",2
1504,"(1, 2, 2, 2, 2, 1, 2, 3, 3, 1, 2, 3)",1
1505,"(1, 2, 1, 1, 3, 1, 3, 3, 3, 3, 2, 3)",1
1506,"(1, 2, 1, 1, 3, 2, 2, 3, 3, 2, 2, 3)",1
1507,"(1, 2, 2, 1, 3, 3, 2, 3, 3, 2, 2, 3)",1
1508,"(2, 3, 1, 1, 3, 2, 3, 2, 3, 3, 3, 3)",1
1509,"(1, 2, 1, 1, 2, 1, 3, 2, 3, 3, 3, 3)",1
1510,"(1, 3, 2, 1, 3, 3, 1, 2, 3, 1, 2, 3)",1
1511,"(2, 3, 1, 1, 3, 2, 1, 3, 3, 1, 2, 3)",2
1512,"(2, 3, 1, 1, 3, 2, 3, 3, 3, 2, 2, 3)",1
1513,"(2, 3, 1, 1, 3, 2, 3, 3, 3, 2, 3, 3)",1
1514,"(1, 3, 1, 1, 3, 2, 2, 3, 3, 1, 2, 3)",1
1515,"(2, 2, 3, 3, 2, 1, 3, 3, 3, 3, 2, 3)",1
1516,"(1, 2, 3, 1, 3, 3, 3, 3, 3, 2, 2, 3)",1
1517,"(2, 3, 3, 2, 2, 1, 1, 2, 3, 1, 2, 3)",1
1518,"(1, 2, 1, 1, 3, 1, 1, 3, 3, 1, 2, 3)",1
1519,"(1, 2, 3, 1, 3, 3, 2, 3, 3, 1, 2, 3)",1
1520,"(1, 2, 2, 1, 3, 3, 3, 3, 3, 3, 3, 3)",1
1521,"(2, 3, 3, 1, 3, 3, 1, 2, 3, 2, 2, 3)",1
1522,"(1, 2, 1, 1, 3, 1, 1, 3, 3, 1, 3, 3)",1
1523,"(1, 2, 2, 1, 3, 2, 2, 3, 3, 2, 2, 3)",2
1524,"(1, 2, 3, 2, 2, 2, 3, 3, 3, 2, 2, 3)",1
1525,"(2, 2, 1, 1, 2, 1, 2, 3, 3, 1, 2, 3)",1
1526,"(2, 3, 1, 1, 3, 2, 2, 3, 3, 2, 2, 3)",1
1527,"(1, 2, 2, 1, 3, 3, 2, 3, 3, 1, 2, 3)",1
1528,"(2, 3, 3, 1, 3, 3, 1, 2, 3, 1, 2, 3)",1
1529,"(1, 2, 3, 3, 2, 1, 1, 3, 3, 1, 2, 3)",2
1530,"(1, 2, 3, 3, 2, 1, 3, 3, 3, 2, 2, 3)",1
1531,"(2, 3, 1, 1, 3, 2, 3, 3, 3, 3, 3, 3)",2
1532,"(1, 2, 3, 2, 2, 3, 3, 3, 3, 3, 2, 3)",1
1533,"(2, 3, 1, 1, 3, 2, 3, 3, 3, 3, 2, 3)",1
1534,"(1, 2, 1, 1, 3, 2, 2, 3, 3, 3, 2, 3)",1
1535,"(1, 2, 2, 2, 2, 1, 3, 3, 3, 2, 2, 3)",1
1536,"(2, 3, 1, 1, 3, 1, 1, 3, 3, 1, 2, 3)",1
1537,"(1, 3, 2, 2, 2, 1, 1, 3, 3, 1, 2, 3)",1
1538,"(3, 3, 3, 3, 2, 1, 1, 3, 3, 1, 2, 3)",1
1539,"(1, 2, 3, 2, 3, 3, 1, 3, 3, 1, 2, 3)",1
1540,"(1, 3, 1, 1, 3, 1, 1, 3, 3, 1, 3, 3)",1
1541,"(1, 2, 3, 2, 2, 2, 3, 3, 3, 1, 3, 3)",1
1542,"(1, 2, 3, 1, 3, 3, 3, 3, 3, 3, 2, 3)",1
1543,"(1, 2, 2, 1, 3, 3, 1, 3, 3, 1, 3, 3)",1
1544,"(1, 2, 1, 1, 3, 2, 1, 3, 3, 1, 2, 3)",1
1545,"(1, 2, 2, 1, 3, 3, 1, 3, 3, 1, 2, 3)",1
1546,"(1, 3, 1, 1, 3, 2, 3, 3, 3, 2, 2, 3)",1
1547,"(1, 2, 3, 1, 3, 3, 3, 3, 3, 1, 2, 3)",1
1548,"(1, 2, 3, 2, 2, 2, 3, 3, 3, 3, 2, 3)",1
1549,"(2, 3, 1, 1, 3, 1, 1, 2, 3, 2, 2, 3)",1
1550,"(1, 3, 1, 1, 3, 1, 3, 3, 3, 2, 3, 3)",1
1551,"(1, 2, 2, 1, 3, 3, 3, 3, 3, 2, 2, 3)",1
1552,"(2, 3, 1, 1, 2, 1, 3, 3, 3, 3, 3, 3)",1
1553,"(1, 2, 1, 1, 2, 1, 3, 3, 3, 3, 2, 3)",1
1554,"(1, 2, 3, 3, 2, 1, 3, 3, 3, 3, 3, 3)",1
1555,"(1, 2, 3, 3, 2, 1, 3, 3, 3, 3, 2, 3)",2
1556,"(1, 2, 2, 1, 3, 3, 1, 2, 3, 1, 3, 3)",1
1557,"(1, 2, 3, 1, 3, 3, 2, 3, 3, 2, 2, 3)",1
1558,"(1, 2, 1, 1, 3, 1, 2, 3, 3, 2, 2, 3)",1
1559,"(1, 2, 2, 2, 2, 1, 1, 3, 3, 1, 2, 3)",1
1560,"(1, 2, 1, 1, 3, 2, 2, 3, 3, 2, 2, 3)",1
1561,"(2, 3, 1, 1, 3, 1, 3, 3, 3, 3, 2, 3)",1
1562,"(2, 3, 1, 1, 3, 2, 2, 3, 3, 1, 2, 3)",3
1563,"(1, 3, 2, 2, 2, 1, 1, 2, 3, 1, 2, 3)",1
1564,"(2, 3, 1, 1, 2, 1, 3, 3, 3, 2, 2, 3)",1
1565,"(2, 3, 1, 1, 3, 2, 3, 3, 3, 2, 3, 3)",1
1566,"(1, 3, 1, 1, 3, 2, 2, 3, 3, 1, 2, 3)",1
1567,"(1, 2, 3, 1, 3, 3, 3, 3, 3, 2, 3, 3)",1
1568,"(3, 3, 3, 3, 2, 2, 1, 3, 3, 1, 2, 3)",1
1569,"(1, 2, 3, 1, 3, 3, 3, 3, 3, 2, 2, 3)",4
1570,"(1, 2, 1, 1, 3, 1, 3, 3, 3, 2, 2, 3)",1
1571,"(1, 2, 3, 3, 2, 2, 1, 3, 3, 1, 2, 3)",1
1572,"(1, 2, 3, 1, 3, 3, 1, 3, 3, 1, 2, 3)",1
1573,"(1, 2, 3, 1, 3, 3, 2, 3, 3, 1, 2, 3)",1
1574,"(2, 3, 2, 1, 3, 3, 1, 2, 3, 1, 2, 3)",1
1575,"(1, 2, 2, 2, 2, 1, 2, 3, 3, 2, 2, 3)",2
1576,"(1, 2, 2, 1, 3, 3, 3, 3, 3, 3, 2, 3)",3
1577,"(2, 3, 1, 1, 3, 1, 2, 3, 3, 2, 2, 3)",1
1578,"(1, 2, 2, 2, 3, 2, 1, 3, 3, 1, 2, 3)",1
1579,"(1, 3, 3, 1, 3, 3, 1, 2, 3, 1, 2, 3)",1
1580,"(2, 3, 3, 1, 3, 3, 1, 2, 3, 1, 3, 3)",1
1581,"(1, 3, 1, 1, 3, 1, 2, 3, 3, 1, 3, 3)",1
1582,"(1, 2, 2, 1, 3, 3, 2, 3, 3, 1, 2, 3)",2
1583,"(2, 3, 3, 3, 2, 1, 1, 3, 3, 1, 2, 3)",1
1584,"(1, 2, 3, 3, 2, 1, 2, 3, 3, 1, 2, 3)",2
1585,"(1, 2, 3, 3, 2, 1, 1, 3, 3, 1, 2, 3)",1
1586,"(1, 2, 3, 3, 2, 1, 2, 3, 3, 1, 3, 3)",1
1587,"(1, 3, 1, 1, 3, 2, 2, 3, 3, 2, 2, 3)",2
1588,"(2, 3, 1, 1, 3, 1, 3, 3, 3, 2, 2, 3)",1
1589,"(1, 2, 3, 3, 3, 3, 1, 3, 3, 1, 2, 3)",1
1590,"(1, 2, 2, 1, 3, 2, 2, 3, 3, 1, 2, 3)",2
1591,"(1, 2, 2, 2, 2, 1, 2, 3, 3, 1, 2, 3)",1
1592,"(2, 3, 1, 1, 3, 1, 1, 3, 3, 1, 2, 3)",2
1593,"(2, 3, 1, 1, 3, 1, 2, 3, 3, 1, 2, 3)",2
1594,"(1, 2, 2, 1, 2, 1, 2, 3, 3, 2, 2, 3)",1
1595,"(1, 2, 2, 2, 2, 1, 2, 2, 3, 3, 2, 3)",1
1596,"(1, 2, 3, 2, 3, 3, 2, 3, 3, 1, 2, 3)",1
1597,"(1, 2, 3, 1, 3, 3, 3, 3, 3, 3, 2, 3)",2
1598,"(1, 2, 3, 3, 2, 1, 2, 3, 3, 2, 2, 3)",1
1599,"(1, 2, 1, 1, 3, 1, 2, 2, 3, 2, 3, 3)",1
1600,"(1, 2, 3, 3, 3, 2, 2, 3, 3, 1, 2, 3)",1
1601,"(1, 2, 3, 3, 3, 2, 1, 3, 3, 1, 2, 3)",1
1602,"(1, 2, 3, 2, 2, 2, 2, 3, 3, 2, 2, 3)",2
1603,"(2, 3, 1, 1, 2, 1, 1, 2, 3, 1, 2, 3)",1
1604,"(1, 2, 1, 1, 2, 1, 3, 3, 3, 3, 2, 3)",1
1605,"(2, 3, 3, 3, 2, 1, 1, 2, 3, 1, 2, 3)",1
1606,"(1, 2, 2, 1, 2, 1, 1, 3, 3, 1, 2, 3)",3
1607,"(1, 2, 3, 3, 2, 1, 3, 3, 3, 3, 2, 3)",2
1608,"(1, 2, 3, 1, 3, 3, 2, 3, 3, 2, 2, 3)",1
1609,"(1, 2, 1, 1, 2, 1, 1, 3, 3, 1, 2, 3)",1
1610,"(1, 2, 2, 2, 2, 1, 1, 3, 3, 1, 2, 3)",1
1611,"(2, 3, 1, 1, 2, 1, 2, 3, 3, 2, 2, 3)",1
1612,"(1, 2, 1, 1, 2, 1, 3, 2, 3, 3, 2, 3)",1
1613,"(2, 3, 1, 1, 3, 2, 2, 3, 3, 1, 2, 3)",4
1614,"(1, 2, 1, 1, 3, 1, 1, 2, 3, 1, 2, 3)",1
1615,"(1, 2, 3, 1, 2, 3, 2, 3, 3, 2, 2, 3)",1
1616,"(2, 2, 1, 2, 2, 1, 3, 3, 3, 3, 2, 3)",1
1617,"(1, 2, 2, 1, 2, 1, 2, 3, 3, 1, 2, 3)",1
1618,"(1, 2, 1, 1, 3, 1, 3, 3, 3, 2, 2, 3)",1
1619,"(2, 3, 1, 1, 2, 1, 3, 3, 3, 3, 2, 3)",1
1620,"(1, 2, 3, 1, 3, 3, 2, 3, 3, 1, 2, 3)",1
1621,"(1, 2, 1, 2, 2, 1, 3, 3, 3, 2, 2, 3)",1
1622,"(1, 2, 1, 1, 3, 1, 2, 3, 3, 1, 2, 3)",2
1623,"(1, 2, 2, 1, 3, 3, 3, 3, 3, 3, 2, 3)",1
1624,"(1, 2, 2, 1, 3, 2, 2, 2, 3, 2, 3, 3)",1
1625,"(1, 2, 1, 1, 2, 1, 3, 3, 3, 2, 2, 3)",1
1626,"(1, 2, 2, 1, 3, 2, 2, 3, 3, 2, 2, 3)",1
1627,"(1, 2, 1, 1, 2, 1, 2, 3, 3, 1, 2, 3)",1
1628,"(1, 2, 1, 1, 3, 2, 3, 2, 3, 3, 3, 3)",1
1629,"(1, 2, 2, 1, 3, 3, 2, 3, 3, 1, 2, 3)",1
1630,"(2, 3, 3, 1, 3, 3, 1, 2, 3, 1, 2, 3)",1
1631,"(1, 2, 2, 1, 3, 3, 2, 3, 3, 1, 3, 3)",1
1632,"(1, 2, 3, 3, 2, 1, 1, 3, 3, 1, 3, 3)",1
1633,"(1, 2, 3, 3, 2, 1, 2, 3, 3, 1, 2, 3)",1
1634,"(1, 2, 3, 3, 2, 1, 1, 3, 3, 1, 2, 3)",1
1635,"(1, 2, 3, 3, 2, 2, 3, 3, 3, 3, 3, 3)",1
1636,"(1, 2, 2, 2, 2, 2, 2, 3, 3, 1, 2, 3)",1
1637,"(1, 2, 3, 3, 2, 2, 2, 3, 3, 1, 2, 3)",1
1638,"(2, 3, 1, 1, 3, 2, 3, 3, 3, 3, 2, 3)",1
1639,"(1, 2, 3, 1, 3, 3, 3, 2, 3, 3, 2, 3)",1
1640,"(1, 2, 2, 2, 2, 1, 3, 2, 3, 3, 2, 3)",1
1641,"(2, 3, 2, 1, 3, 2, 1, 2, 3, 1, 2, 3)",1
1642,"(1, 2, 3, 2, 2, 1, 3, 3, 3, 3, 2, 3)",1
1643,"(1, 2, 3, 2, 2, 1, 2, 3, 3, 1, 2, 3)",1
1644,"(1, 2, 2, 1, 2, 2, 2, 3, 3, 2, 2, 3)",1
1645,"(2, 2, 2, 3, 2, 1, 3, 3, 3, 2, 2, 3)",1
1646,"(1, 2, 3, 3, 2, 1, 2, 3, 3, 2, 3, 3)",1
1647,"(1, 2, 3, 1, 3, 3, 3, 3, 3, 3, 3, 3)",1
1648,"(1, 2, 1, 1, 3, 1, 3, 3, 3, 3, 2, 3)",1
1649,"(1, 2, 3, 3, 2, 1, 2, 3, 3, 2, 2, 3)",1
1650,"(1, 2, 1, 1, 3, 2, 3, 3, 3, 2, 2, 3)",1
1651,"(1, 2, 2, 1, 3, 3, 1, 3, 3, 1, 2, 3)",2
1652,"(1, 2, 3, 2, 3, 1, 2, 3, 3, 1, 2, 3)",1
1653,"(1, 2, 3, 2, 2, 2, 3, 3, 3, 3, 2, 3)",1
1654,"(2, 3, 1, 1, 3, 2, 1, 2, 3, 2, 3, 3)",1
1655,"(2, 3, 3, 3, 2, 1, 1, 3, 3, 1, 2, 3)",1
1656,"(2, 3, 1, 1, 3, 2, 1, 2, 3, 2, 2, 3)",1
1657,"(1, 2, 2, 1, 3, 3, 3, 3, 3, 2, 2, 3)",1
1658,"(1, 3, 1, 1, 3, 1, 2, 3, 3, 1, 2, 3)",2
1659,"(1, 2, 3, 3, 2, 1, 3, 3, 3, 3, 3, 3)",1
1660,"(1, 2, 3, 3, 2, 1, 3, 3, 3, 3, 2, 3)",2
1661,"(1, 2, 3, 1, 3, 3, 2, 3, 3, 2, 2, 3)",2
1662,"(1, 2, 1, 1, 3, 1, 2, 3, 3, 2, 2, 3)",1
1663,"(1, 2, 2, 2, 2, 1, 1, 3, 3, 1, 2, 3)",1
1664,"(1, 2, 2, 1, 3, 3, 2, 3, 3, 2, 2, 3)",1
1665,"(2, 3, 2, 1, 2, 1, 1, 2, 3, 1, 3, 3)",2
1666,"(2, 3, 1, 1, 3, 2, 2, 3, 3, 1, 2, 3)",4
1667,"(2, 3, 1, 1, 3, 2, 2, 3, 3, 1, 3, 3)",1
1668,"(1, 3, 1, 1, 3, 2, 2, 3, 3, 1, 2, 3)",2
1669,"(1, 2, 1, 1, 3, 1, 3, 3, 3, 2, 3, 3)",1
1670,"(1, 3, 1, 1, 3, 1, 1, 2, 3, 2, 2, 3)",1
1671,"(2, 3, 1, 1, 3, 2, 1, 2, 3, 1, 2, 3)",1
1672,"(1, 2, 1, 1, 3, 1, 3, 3, 3, 2, 2, 3)",1
1673,"(2, 3, 1, 1, 3, 1, 3, 3, 3, 3, 3, 3)",1
1674,"(1, 2, 1, 1, 3, 2, 3, 3, 3, 3, 2, 3)",2
1675,"(1, 2, 3, 2, 3, 2, 1, 3, 3, 1, 2, 3)",1
1676,"(1, 2, 2, 2, 2, 1, 2, 3, 3, 2, 2, 3)",2
1677,"(1, 2, 3, 1, 3, 3, 2, 3, 3, 1, 2, 3)",1
1678,"(1, 2, 1, 1, 3, 1, 2, 3, 3, 1, 3, 3)",1
1679,"(1, 3, 1, 1, 3, 1, 3, 3, 3, 3, 2, 3)",1
1680,"(1, 2, 3, 2, 2, 2, 2, 3, 3, 3, 2, 3)",1
1681,"(1, 2, 1, 1, 3, 1, 2, 3, 3, 1, 2, 3)",1
1682,"(1, 2, 3, 2, 2, 1, 3, 3, 3, 2, 3, 3)",1
1683,"(2, 3, 2, 1, 3, 3, 1, 2, 3, 1, 3, 3)",1
1684,"(2, 3, 1, 1, 3, 1, 2, 3, 3, 2, 3, 3)",1
1685,"(2, 3, 2, 2, 2, 1, 1, 2, 3, 1, 2, 3)",1
1686,"(1, 3, 1, 1, 3, 1, 3, 3, 3, 2, 2, 3)",1
1687,"(1, 2, 2, 1, 2, 2, 2, 3, 3, 1, 2, 3)",1
1688,"(1, 2, 1, 1, 2, 1, 3, 3, 3, 2, 2, 3)",1
1689,"(1, 2, 3, 1, 3, 3, 2, 3, 3, 3, 2, 3)",1
1690,"(1, 2, 3, 1, 3, 3, 1, 2, 3, 2, 2, 3)",1
1691,"(1, 2, 2, 2, 2, 1, 3, 3, 3, 3, 2, 3)",1
1692,"(1, 2, 3, 3, 2, 1, 3, 3, 3, 2, 2, 3)",1
1693,"(1, 2, 3, 3, 2, 1, 3, 3, 3, 2, 3, 3)",1
1694,"(1, 3, 1, 1, 3, 2, 2, 3, 3, 2, 2, 3)",1
1695,"(2, 2, 2, 2, 2, 1, 3, 3, 3, 2, 2, 3)",1
1696,"(2, 3, 1, 1, 3, 1, 3, 3, 3, 2, 2, 3)",1
1697,"(1, 2, 1, 1, 3, 1, 1, 3, 3, 2, 2, 3)",1
1698,"(1, 2, 3, 1, 2, 3, 2, 3, 3, 1, 2, 3)",1
1699,"(1, 2, 2, 1, 3, 2, 1, 3, 3, 1, 2, 3)",1
1700,"(1, 2, 2, 1, 3, 2, 2, 3, 3, 1, 2, 3)",1
1701,"(2, 3, 1, 1, 3, 1, 2, 3, 3, 1, 3, 3)",1
1702,"(1, 2, 2, 2, 2, 1, 2, 3, 3, 1, 2, 3)",1
1703,"(2, 3, 1, 1, 3, 1, 2, 3, 3, 1, 2, 3)",1
1704,"(1, 2, 3, 2, 3, 3, 2, 3, 3, 1, 2, 3)",1
1705,"(1, 2, 3, 1, 3, 3, 3, 3, 3, 3, 2, 3)",2
1706,"(1, 3, 1, 1, 3, 1, 1, 3, 3, 1, 2, 3)",1
1707,"(1, 2, 1, 1, 2, 1, 3, 3, 3, 3, 2, 3)",1
1708,"(1, 2, 1, 1, 3, 2, 1, 3, 3, 1, 2, 3)",2
1709,"(1, 2, 1, 1, 3, 2, 2, 3, 3, 1, 3, 3)",1
1710,"(1, 2, 3, 3, 3, 2, 2, 3, 3, 1, 2, 3)",1
1711,"(1, 2, 3, 3, 3, 2, 1, 3, 3, 1, 2, 3)",1
1712,"(1, 2, 2, 1, 3, 3, 3, 3, 3, 2, 2, 3)",2
1713,"(1, 2, 2, 1, 2, 1, 3, 3, 3, 2, 2, 3)",1
1714,"(2, 3, 1, 1, 3, 2, 1, 2, 3, 1, 3, 3)",1
1715,"(1, 2, 2, 2, 3, 1, 2, 3, 3, 1, 2, 3)",1
1716,"(1, 2, 3, 2, 2, 2, 2, 3, 3, 1, 2, 3)",1
1717,"(1, 2, 1, 2, 2, 1, 2, 3, 3, 1, 2, 3)",1
1718,"(2, 3, 3, 3, 2, 1, 1, 2, 3, 1, 3, 3)",1
1719,"(1, 3, 2, 1, 3, 3, 1, 2, 3, 1, 2, 3)",1
1720,"(1, 2, 3, 1, 3, 3, 2, 3, 3, 2, 2, 3)",2
1721,"(3, 3, 2, 2, 2, 1, 1, 2, 3, 1, 2, 3)",1
1722,"(1, 2, 2, 2, 2, 1, 2, 3, 3, 1, 2, 3)",3
1723,"(2, 3, 2, 1, 3, 2, 1, 2, 3, 1, 3, 3)",1
1724,"(1, 3, 1, 1, 3, 1, 2, 3, 3, 2, 2, 3)",1
1725,"(1, 2, 1, 1, 3, 2, 2, 3, 3, 2, 2, 3)",1
1726,"(1, 2, 3, 2, 2, 1, 2, 3, 3, 2, 2, 3)",1
1727,"(1, 2, 2, 1, 3, 2, 3, 3, 3, 3, 3, 3)",1
1728,"(2, 3, 1, 1, 3, 1, 3, 3, 3, 3, 2, 3)",2
1729,"(2, 3, 1, 1, 3, 2, 1, 3, 3, 1, 2, 3)",1
1730,"(1, 3, 3, 1, 3, 3, 1, 2, 3, 2, 2, 3)",1
1731,"(1, 2, 2, 1, 3, 3, 1, 3, 3, 2, 2, 3)",1
1732,"(1, 2, 2, 2, 2, 1, 3, 3, 3, 2, 2, 3)",1
1733,"(2, 3, 2, 1, 3, 3, 1, 2, 3, 1, 2, 3)",1
1734,"(1, 2, 3, 1, 3, 3, 1, 3, 3, 1, 2, 3)",1
1735,"(1, 2, 3, 1, 3, 3, 2, 3, 3, 1, 2, 3)",1
1736,"(1, 2, 1, 1, 3, 1, 1, 3, 3, 1, 2, 3)",1
1737,"(1, 2, 1, 1, 3, 1, 2, 3, 3, 1, 2, 3)",2
1738,"(2, 3, 2, 1, 3, 3, 1, 2, 3, 1, 3, 3)",1
1739,"(1, 2, 3, 2, 2, 1, 3, 3, 3, 2, 2, 3)",1
1740,"(1, 2, 2, 2, 3, 2, 1, 3, 3, 1, 2, 3)",1
1741,"(2, 3, 2, 2, 2, 1, 1, 2, 3, 1, 3, 3)",1
1742,"(1, 2, 1, 1, 2, 1, 1, 3, 3, 1, 2, 3)",1
1743,"(1, 2, 3, 1, 3, 3, 2, 3, 3, 3, 2, 3)",2
1744,"(1, 2, 1, 1, 2, 1, 3, 3, 3, 2, 3, 3)",1
1745,"(2, 3, 2, 2, 2, 1, 1, 2, 3, 1, 2, 3)",1
1746,"(1, 2, 3, 3, 2, 1, 2, 3, 3, 1, 2, 3)",3
1747,"(1, 2, 2, 2, 2, 1, 3, 3, 3, 3, 2, 3)",1
1748,"(1, 2, 3, 1, 3, 3, 1, 3, 3, 2, 2, 3)",1
1749,"(2, 3, 2, 1, 3, 3, 1, 2, 3, 2, 3, 3)",1
1750,"(2, 3, 1, 1, 3, 1, 3, 3, 3, 2, 2, 3)",1
1751,"(1, 2, 3, 3, 3, 3, 1, 3, 3, 1, 2, 3)",1
1752,"(1, 2, 2, 1, 3, 3, 2, 3, 3, 3, 2, 3)",2
1753,"(2, 3, 1, 1, 3, 1, 2, 3, 3, 1, 3, 3)",1
1754,"(2, 3, 1, 1, 3, 1, 1, 3, 3, 1, 2, 3)",2
1755,"(1, 2, 3, 1, 2, 3, 3, 3, 3, 2, 2, 3)",1
1756,"(1, 2, 3, 2, 3, 3, 2, 3, 3, 1, 2, 3)",1
1757,"(1, 2, 3, 1, 3, 3, 3, 3, 3, 3, 2, 3)",5
1758,"(1, 2, 3, 3, 2, 1, 1, 3, 3, 1, 2, 3)",1
1759,"(1, 2, 1, 1, 3, 1, 3, 3, 3, 3, 2, 3)",1
1760,"(1, 2, 3, 3, 2, 1, 2, 3, 3, 2, 2, 3)",2
1761,"(1, 2, 2, 1, 3, 3, 1, 3, 3, 1, 2, 3)",2
1762,"(1, 2, 3, 2, 2, 2, 3, 3, 3, 3, 3, 3)",1
1763,"(2, 2, 2, 3, 2, 1, 1, 2, 3, 1, 2, 3)",1
1764,"(1, 2, 3, 2, 3, 2, 2, 3, 3, 1, 2, 3)",1
1765,"(1, 2, 2, 1, 2, 1, 3, 3, 3, 2, 3, 3)",1
1766,"(2, 3, 1, 1, 3, 3, 1, 3, 3, 1, 2, 3)",1
1767,"(1, 2, 1, 1, 2, 1, 3, 3, 3, 3, 2, 3)",1
1768,"(2, 3, 3, 1, 2, 3, 1, 2, 3, 2, 3, 3)",1
1769,"(2, 3, 3, 3, 2, 1, 1, 2, 3, 1, 2, 3)",1
1770,"(1, 2, 2, 1, 2, 1, 1, 3, 3, 1, 2, 3)",1
1771,"(1, 2, 3, 3, 2, 1, 3, 3, 3, 3, 2, 3)",2
1772,"(1, 2, 1, 1, 2, 1, 3, 3, 3, 3, 2, 3)",1
1773,"(1, 2, 3, 1, 3, 3, 2, 3, 3, 2, 2, 3)",1
1774,"(1, 2, 2, 2, 2, 1, 2, 3, 3, 1, 2, 3)",1
1775,"(1, 2, 1, 1, 3, 2, 2, 3, 3, 2, 3, 3)",1
1776,"(1, 3, 1, 1, 3, 1, 2, 3, 3, 2, 2, 3)",2
1777,"(1, 2, 1, 1, 3, 2, 2, 3, 3, 2, 2, 3)",1
1778,"(1, 2, 2, 1, 3, 3, 2, 3, 3, 1, 2, 3)",1
1779,"(1, 2, 2, 1, 3, 3, 2, 3, 3, 2, 2, 3)",1
1780,"(1, 2, 2, 1, 3, 2, 3, 3, 3, 3, 2, 3)",2
1781,"(1, 3, 3, 1, 3, 3, 1, 2, 3, 1, 2, 3)",1
1782,"(2, 3, 1, 1, 3, 2, 1, 3, 3, 1, 2, 3)",1
1783,"(1, 2, 3, 3, 2, 1, 2, 2, 3, 3, 3, 3)",1
1784,"(2, 3, 1, 1, 3, 2, 3, 3, 3, 2, 3, 3)",1
1785,"(1, 2, 3, 1, 3, 3, 3, 3, 3, 2, 3, 3)",1
1786,"(1, 2, 2, 2, 2, 1, 3, 3, 3, 2, 2, 3)",1
1787,"(1, 2, 2, 1, 2, 1, 2, 3, 3, 1, 2, 3)",1
1788,"(2, 3, 3, 1, 2, 3, 1, 3, 3, 1, 2, 3)",1
1789,"(2, 3, 1, 1, 2, 1, 3, 3, 3, 3, 2, 3)",1
1790,"(1, 2, 3, 1, 3, 3, 1, 3, 3, 1, 2, 3)",2
1791,"(1, 2, 1, 1, 3, 1, 2, 3, 3, 1, 3, 3)",1
1792,"(1, 2, 1, 2, 2, 1, 3, 3, 3, 2, 2, 3)",1
1793,"(1, 2, 1, 1, 3, 1, 2, 3, 3, 1, 2, 3)",1
1794,"(1, 2, 2, 1, 3, 3, 3, 3, 3, 3, 2, 3)",1
1795,"(1, 2, 2, 1, 3, 2, 2, 3, 3, 2, 2, 3)",2
1796,"(2, 3, 1, 1, 3, 2, 2, 2, 3, 2, 3, 3)",1
1797,"(1, 2, 3, 2, 2, 1, 1, 3, 3, 1, 2, 3)",1
1798,"(1, 2, 2, 2, 3, 2, 2, 3, 3, 1, 2, 3)",1
1799,"(1, 2, 2, 2, 2, 1, 3, 3, 3, 3, 2, 3)",1
1800,"(2, 3, 1, 1, 3, 2, 2, 3, 3, 2, 2, 3)",2
1801,"(1, 2, 3, 3, 3, 2, 2, 3, 3, 1, 2, 3)",1
1802,"(1, 2, 1, 1, 2, 1, 1, 3, 3, 1, 2, 3)",1
1803,"(1, 2, 1, 1, 2, 1, 3, 3, 3, 2, 2, 3)",2
1804,"(2, 3, 3, 1, 3, 3, 1, 2, 3, 1, 2, 3)",1
1805,"(1, 2, 3, 3, 2, 1, 2, 3, 3, 1, 2, 3)",1
1806,"(1, 3, 3, 3, 2, 1, 1, 2, 3, 2, 2, 3)",1
1807,"(1, 2, 3, 2, 2, 2, 2, 2, 3, 2, 2, 3)",1
1808,"(2, 3, 1, 1, 3, 1, 2, 3, 3, 2, 2, 3)",1
1809,"(2, 3, 3, 1, 3, 3, 1, 3, 3, 1, 2, 3)",1
1810,"(2, 3, 1, 1, 3, 1, 2, 3, 3, 1, 3, 3)",1
1811,"(2, 3, 1, 1, 3, 1, 1, 3, 3, 1, 2, 3)",1
1812,"(3, 3, 3, 3, 2, 1, 1, 3, 3, 1, 2, 3)",2
1813,"(1, 2, 3, 1, 2, 3, 3, 3, 3, 2, 2, 3)",1
1814,"(1, 2, 3, 2, 2, 1, 2, 3, 3, 1, 2, 3)",1
1815,"(1, 2, 3, 2, 3, 3, 2, 3, 3, 1, 2, 3)",1
1816,"(1, 2, 3, 1, 3, 3, 3, 3, 3, 3, 2, 3)",1
1817,"(1, 2, 1, 1, 3, 2, 1, 3, 3, 1, 3, 3)",1
1818,"(1, 2, 1, 1, 3, 2, 2, 3, 3, 1, 2, 3)",2
1819,"(1, 2, 1, 1, 3, 2, 1, 3, 3, 1, 2, 3)",1
1820,"(1, 2, 1, 1, 3, 2, 3, 3, 3, 2, 2, 3)",1
1821,"(2, 2, 1, 2, 2, 1, 3, 3, 3, 3, 2, 3)",1
1822,"(1, 2, 3, 2, 2, 2, 3, 3, 3, 3, 3, 3)",1
1823,"(2, 3, 3, 1, 3, 3, 1, 2, 3, 2, 2, 3)",1
1824,"(1, 2, 3, 2, 3, 2, 2, 3, 3, 1, 2, 3)",1
1825,"(1, 3, 1, 1, 3, 1, 3, 3, 3, 2, 2, 3)",1
1826,"(1, 2, 2, 1, 3, 3, 3, 3, 3, 2, 2, 3)",1
1827,"(1, 2, 3, 2, 2, 1, 3, 3, 3, 3, 2, 3)",1
1828,"(1, 2, 2, 1, 3, 2, 1, 3, 3, 2, 2, 3)",1
1829,"(2, 3, 3, 2, 2, 1, 1, 2, 3, 1, 2, 3)",1
1830,"(1, 2, 3, 3, 2, 1, 3, 3, 3, 3, 2, 3)",2
1831,"(1, 2, 3, 1, 2, 3, 1, 2, 3, 1, 2, 3)",1
1832,"(1, 2, 2, 2, 2, 1, 2, 3, 3, 1, 2, 3)",1
1833,"(1, 2, 2, 1, 3, 3, 2, 3, 3, 2, 2, 3)",2
1834,"(1, 2, 3, 3, 2, 1, 2, 3, 3, 2, 2, 3)",1
1835,"(2, 3, 1, 1, 3, 2, 1, 3, 3, 1, 3, 3)",1
1836,"(2, 3, 1, 1, 3, 1, 3, 3, 3, 3, 2, 3)",2
1837,"(2, 3, 1, 1, 3, 2, 1, 3, 3, 1, 2, 3)",1
1838,"(2, 3, 2, 1, 3, 2, 1, 2, 3, 1, 2, 3)",1
1839,"(1, 2, 3, 1, 3, 3, 3, 3, 3, 2, 2, 3)",1
1840,"(1, 2, 2, 1, 2, 1, 2, 3, 3, 1, 2, 3)",2
1841,"(1, 2, 1, 1, 3, 1, 1, 3, 3, 1, 2, 3)",1
1842,"(1, 2, 3, 1, 2, 2, 1, 2, 3, 2, 2, 3)",1
1843,"(1, 2, 1, 1, 3, 2, 3, 3, 3, 3, 2, 3)",1
1844,"(2, 3, 2, 2, 2, 1, 1, 2, 3, 1, 2, 3)",1
1845,"(1, 2, 2, 1, 3, 2, 1, 2, 3, 1, 2, 3)",1
1846,"(1, 2, 3, 1, 3, 3, 1, 3, 3, 1, 2, 3)",2
1847,"(1, 2, 3, 2, 2, 2, 1, 3, 3, 1, 2, 3)",1
1848,"(2, 3, 2, 1, 3, 3, 1, 2, 3, 1, 2, 3)",3
1849,"(1, 2, 1, 1, 3, 1, 2, 3, 3, 1, 2, 3)",1
1850,"(1, 2, 2, 1, 3, 3, 3, 3, 3, 3, 2, 3)",1
1851,"(1, 2, 2, 1, 3, 2, 2, 3, 3, 2, 2, 3)",1
1852,"(1, 2, 3, 2, 2, 1, 3, 3, 3, 2, 2, 3)",1
1853,"(2, 3, 1, 1, 3, 1, 2, 3, 3, 2, 2, 3)",1
1854,"(1, 2, 2, 1, 2, 1, 3, 3, 3, 3, 2, 3)",2
1855,"(1, 2, 2, 1, 3, 3, 2, 3, 3, 1, 2, 3)",4
1856,"(2, 3, 3, 1, 3, 3, 1, 2, 3, 1, 2, 3)",1
1857,"(1, 2, 3, 1, 2, 3, 3, 3, 3, 3, 2, 3)",1
1858,"(3, 3, 2, 2, 2, 1, 1, 3, 3, 1, 2, 3)",1
1859,"(1, 2, 3, 3, 2, 1, 2, 3, 3, 1, 2, 3)",1
1860,"(1, 2, 3, 3, 2, 1, 1, 3, 3, 1, 2, 3)",1
1861,"(1, 2, 3, 3, 2, 1, 2, 3, 3, 1, 3, 3)",1
1862,"(1, 3, 1, 1, 3, 2, 2, 3, 3, 2, 2, 3)",1
1863,"(2, 3, 1, 1, 3, 2, 3, 3, 3, 3, 2, 3)",2
1864,"(1, 2, 3, 3, 3, 1, 1, 3, 3, 1, 2, 3)",1
1865,"(1, 2, 2, 1, 3, 3, 2, 3, 3, 3, 2, 3)",2
1866,"(1, 2, 2, 1, 3, 2, 2, 3, 3, 1, 2, 3)",1
1867,"(2, 3, 1, 1, 3, 1, 1, 3, 3, 1, 2, 3)",1
1868,"(1, 2, 1, 1, 2, 1, 2, 3, 3, 2, 2, 3)",1
1869,"(1, 2, 3, 1, 3, 3, 3, 3, 3, 3, 2, 3)",1
1870,"(1, 2, 1, 1, 3, 2, 1, 3, 3, 1, 2, 3)",1
1871,"(1, 2, 2, 1, 3, 3, 1, 3, 3, 1, 2, 3)",2
1872,"(1, 2, 1, 1, 3, 2, 3, 3, 3, 2, 3, 3)",1
1873,"(1, 3, 1, 1, 3, 2, 1, 3, 3, 1, 2, 3)",1
1874,"(1, 2, 3, 2, 2, 2, 3, 3, 3, 3, 2, 3)",1
1875,"(1, 3, 1, 1, 3, 1, 3, 3, 3, 2, 2, 3)",1
1876,"(2, 3, 1, 1, 3, 1, 1, 2, 3, 2, 2, 3)",1
1877,"(1, 2, 3, 1, 2, 3, 1, 3, 3, 1, 2, 3)",2
1878,"(2, 3, 1, 1, 2, 1, 1, 2, 3, 1, 3, 3)",1
1879,"(2, 3, 3, 3, 2, 1, 1, 2, 3, 1, 2, 3)",1
1880,"(1, 2, 3, 3, 2, 1, 3, 3, 3, 3, 2, 3)",3
1881,"(1, 2, 3, 1, 2, 2, 2, 3, 3, 1, 2, 3)",1
1882,"(1, 2, 1, 1, 3, 1, 2, 3, 3, 2, 2, 3)",2
1883,"(1, 2, 2, 2, 2, 1, 1, 3, 3, 1, 2, 3)",2
1884,"(1, 2, 2, 2, 2, 1, 3, 3, 3, 2, 2, 3)",2
1885,"(1, 3, 1, 1, 3, 1, 2, 3, 3, 2, 2, 3)",1
1886,"(1, 2, 3, 1, 2, 3, 2, 2, 3, 2, 2, 3)",1
1887,"(1, 2, 2, 1, 3, 3, 2, 3, 3, 2, 2, 3)",4
1888,"(1, 2, 3, 1, 3, 3, 1, 2, 3, 1, 3, 3)",1
1889,"(2, 2, 3, 3, 2, 1, 1, 3, 3, 1, 2, 3)",1
1890,"(2, 3, 3, 1, 3, 3, 1, 2, 3, 1, 2, 3)",1
1891,"(1, 2, 2, 1, 2, 1, 2, 3, 3, 3, 2, 3)",1
1892,"(1, 2, 3, 1, 3, 3, 3, 3, 3, 2, 2, 3)",1
1893,"(2, 3, 1, 1, 3, 1, 3, 3, 3, 3, 3, 3)",1
1894,"(2, 2, 3, 3, 2, 1, 2, 3, 3, 1, 2, 3)",1
1895,"(1, 3, 1, 1, 3, 1, 3, 3, 3, 3, 2, 3)",2
1896,"(2, 3, 2, 1, 3, 3, 1, 2, 3, 1, 2, 3)",1
1897,"(2, 3, 1, 1, 3, 1, 2, 3, 3, 2, 2, 3)",2
1898,"(2, 3, 1, 1, 3, 1, 2, 3, 3, 2, 3, 3)",1
1899,"(2, 3, 1, 1, 3, 2, 2, 3, 3, 2, 2, 3)",2
1900,"(1, 3, 3, 1, 3, 3, 1, 2, 3, 1, 2, 3)",1
1901,"(1, 2, 3, 2, 2, 2, 3, 3, 3, 2, 2, 3)",1
1902,"(1, 2, 1, 1, 2, 1, 3, 3, 3, 2, 2, 3)",1
1903,"(1, 2, 2, 1, 3, 3, 3, 2, 3, 3, 3, 3)",1
1904,"(1, 2, 3, 3, 2, 1, 1, 3, 3, 1, 2, 3)",1
1905,"(1, 2, 3, 3, 2, 2, 3, 3, 3, 3, 3, 3)",1
1906,"(1, 2, 3, 3, 2, 1, 3, 3, 3, 2, 3, 3)",1
1907,"(1, 3, 1, 1, 3, 2, 2, 3, 3, 2, 2, 3)",1
1908,"(1, 2, 3, 2, 2, 2, 2, 3, 3, 2, 2, 3)",2
1909,"(1, 2, 3, 3, 3, 3, 1, 3, 3, 1, 2, 3)",2
1910,"(1, 2, 2, 2, 3, 2, 2, 3, 3, 1, 2, 3)",1
1911,"(1, 2, 2, 1, 3, 2, 1, 3, 3, 1, 3, 3)",1
1912,"(2, 3, 1, 1, 3, 1, 1, 3, 3, 1, 2, 3)",1
1913,"(2, 3, 1, 1, 3, 1, 2, 3, 3, 1, 2, 3)",2
1914,"(1, 3, 1, 1, 3, 1, 2, 2, 3, 2, 3, 3)",1
1915,"(1, 2, 3, 2, 2, 2, 3, 3, 3, 2, 3, 3)",1
1916,"(1, 2, 3, 1, 3, 3, 3, 3, 3, 3, 2, 3)",2
1917,"(1, 2, 1, 1, 3, 2, 2, 3, 3, 1, 2, 3)",1
1918,"(1, 2, 3, 3, 2, 1, 2, 3, 3, 2, 2, 3)",3
1919,"(2, 2, 1, 2, 2, 1, 3, 3, 3, 3, 2, 3)",1
1920,"(1, 3, 1, 1, 3, 2, 1, 3, 3, 1, 2, 3)",1
1921,"(1, 2, 1, 1, 2, 1, 3, 3, 3, 3, 2, 3)",2
1922,"(2, 3, 3, 3, 2, 1, 1, 3, 3, 1, 2, 3)",1
1923,"(1, 2, 3, 1, 3, 3, 2, 2, 3, 3, 3, 3)",1
1924,"(1, 2, 2, 1, 2, 2, 3, 3, 3, 3, 2, 3)",1
1925,"(3, 3, 3, 2, 2, 2, 1, 3, 3, 1, 2, 3)",1
1926,"(1, 2, 3, 1, 3, 3, 2, 3, 3, 1, 3, 3)",1
1927,"(2, 3, 3, 3, 2, 1, 1, 2, 3, 1, 2, 3)",1
1928,"(1, 2, 3, 3, 2, 1, 3, 3, 3, 3, 2, 3)",1
1929,"(1, 2, 3, 1, 3, 3, 2, 3, 3, 2, 2, 3)",2
1930,"(1, 2, 1, 1, 3, 2, 2, 3, 3, 1, 2, 3)",1
1931,"(1, 2, 1, 1, 3, 2, 2, 3, 3, 2, 2, 3)",1
1932,"(1, 2, 3, 2, 2, 1, 2, 3, 3, 2, 2, 3)",1
1933,"(1, 2, 2, 1, 3, 3, 2, 3, 3, 2, 2, 3)",1
1934,"(1, 2, 2, 1, 3, 2, 3, 3, 3, 3, 2, 3)",1
1935,"(2, 3, 2, 1, 2, 1, 1, 2, 3, 1, 3, 3)",1
1936,"(2, 3, 1, 1, 3, 2, 2, 3, 3, 1, 2, 3)",2
1937,"(2, 3, 2, 3, 2, 1, 1, 2, 3, 1, 2, 3)",1
1938,"(2, 3, 2, 1, 2, 1, 1, 2, 3, 1, 2, 3)",1
1939,"(1, 2, 3, 1, 2, 3, 2, 3, 3, 2, 2, 3)",1
1940,"(1, 3, 1, 1, 3, 2, 2, 3, 3, 1, 2, 3)",1
1941,"(1, 2, 3, 1, 3, 3, 3, 3, 3, 2, 3, 3)",2
1942,"(2, 3, 1, 1, 2, 1, 3, 3, 3, 3, 2, 3)",1
1943,"(1, 2, 3, 1, 3, 3, 3, 3, 3, 2, 2, 3)",2
1944,"(1, 2, 1, 1, 3, 2, 3, 3, 3, 3, 3, 3)",1
1945,"(1, 2, 2, 1, 3, 3, 1, 2, 3, 2, 2, 3)",1
1946,"(1, 2, 2, 2, 2, 1, 2, 3, 3, 2, 2, 3)",1
1947,"(2, 2, 3, 3, 2, 1, 2, 3, 3, 1, 2, 3)",1
1948,"(1, 2, 3, 1, 3, 3, 1, 3, 3, 1, 2, 3)",1
1949,"(1, 2, 3, 1, 3, 3, 2, 3, 3, 1, 2, 3)",1
1950,"(1, 2, 1, 2, 2, 1, 3, 3, 3, 2, 2, 3)",1
1951,"(1, 2, 1, 1, 3, 1, 1, 3, 3, 1, 2, 3)",1
1952,"(1, 2, 1, 1, 3, 1, 2, 3, 3, 1, 2, 3)",1
1953,"(1, 2, 2, 1, 3, 2, 1, 2, 3, 2, 2, 3)",1
1954,"(1, 3, 1, 1, 3, 2, 3, 3, 3, 3, 2, 3)",1
1955,"(2, 3, 1, 1, 3, 1, 2, 3, 3, 2, 2, 3)",1
1956,"(2, 3, 1, 1, 3, 2, 2, 3, 3, 2, 2, 3)",3
1957,"(1, 2, 1, 1, 2, 1, 1, 3, 3, 1, 2, 3)",1
1958,"(1, 2, 2, 1, 3, 3, 2, 3, 3, 1, 2, 3)",1
1959,"(2, 3, 3, 1, 3, 3, 1, 2, 3, 1, 2, 3)",1
1960,"(1, 2, 1, 1, 2, 1, 3, 3, 3, 2, 3, 3)",1
1961,"(1, 2, 1, 1, 3, 1, 2, 3, 3, 3, 2, 3)",1
1962,"(1, 2, 3, 3, 2, 1, 2, 3, 3, 1, 2, 3)",3
1963,"(1, 2, 3, 3, 2, 1, 1, 3, 3, 1, 2, 3)",1
1964,"(1, 2, 3, 3, 2, 1, 3, 3, 3, 2, 3, 3)",1
1965,"(1, 3, 1, 1, 3, 2, 2, 3, 3, 2, 2, 3)",1
1966,"(3, 3, 3, 3, 2, 1, 1, 2, 3, 1, 2, 3)",1
1967,"(1, 2, 1, 1, 2, 1, 1, 2, 3, 1, 3, 3)",1
1968,"(1, 2, 3, 2, 2, 2, 2, 3, 3, 2, 2, 3)",1
1969,"(2, 3, 1, 1, 3, 2, 3, 3, 3, 3, 2, 3)",2
1970,"(1, 2, 2, 1, 3, 2, 2, 3, 3, 1, 2, 3)",1
1971,"(2, 3, 1, 1, 3, 1, 2, 3, 3, 1, 2, 3)",2
1972,"(1, 2, 2, 2, 2, 1, 2, 2, 3, 3, 3, 3)",1
1973,"(1, 2, 3, 1, 3, 3, 3, 3, 3, 3, 2, 3)",3
1974,"(2, 3, 1, 1, 3, 2, 2, 2, 3, 3, 3, 3)",1
1975,"(1, 2, 3, 1, 3, 3, 3, 3, 3, 3, 3, 3)",1
1976,"(1, 2, 1, 1, 3, 1, 3, 3, 3, 3, 2, 3)",2
1977,"(2, 3, 1, 1, 3, 2, 3, 2, 3, 3, 3, 3)",1
1978,"(1, 2, 2, 1, 3, 3, 1, 3, 3, 1, 2, 3)",1
1979,"(1, 2, 3, 3, 2, 1, 2, 3, 3, 2, 2, 3)",1
1980,"(2, 2, 3, 3, 2, 1, 2, 3, 3, 2, 2, 3)",1
1981,"(1, 2, 3, 3, 2, 2, 2, 3, 3, 2, 2, 3)",1
1982,"(1, 2, 2, 2, 2, 2, 2, 2, 3, 3, 3, 3)",1
1983,"(1, 2, 1, 1, 3, 2, 3, 3, 3, 3, 2, 3)",1
1984,"(1, 2, 1, 1, 2, 1, 3, 3, 3, 3, 2, 3)",2
1985,"(3, 3, 3, 2, 2, 2, 1, 3, 3, 1, 2, 3)",1
1986,"(2, 3, 3, 3, 2, 1, 1, 2, 3, 1, 2, 3)",1
1987,"(1, 2, 2, 1, 3, 3, 1, 2, 3, 1, 2, 3)",1
1988,"(2, 3, 1, 1, 2, 1, 2, 2, 3, 2, 2, 3)",1
1989,"(1, 2, 3, 2, 3, 2, 2, 3, 3, 1, 3, 3)",1
1990,"(1, 2, 3, 3, 2, 2, 2, 3, 3, 1, 2, 3)",1
1991,"(1, 2, 1, 1, 3, 1, 2, 3, 3, 2, 3, 3)",1
1992,"(1, 2, 1, 1, 3, 2, 2, 3, 3, 2, 2, 3)",1
1993,"(1, 2, 2, 1, 3, 3, 2, 3, 3, 2, 2, 3)",1
1994,"(2, 3, 2, 1, 3, 3, 1, 2, 3, 1, 2, 3)",1
1995,"(2, 3, 1, 1, 3, 2, 2, 3, 3, 1, 2, 3)",2
1996,"(2, 3, 1, 1, 3, 2, 1, 3, 3, 1, 2, 3)",2
1997,"(1, 2, 2, 2, 2, 1, 1, 2, 3, 1, 2, 3)",1
1998,"(2, 3, 1, 1, 3, 2, 2, 3, 3, 1, 3, 3)",1
1999,"(1, 2, 3, 1, 2, 3, 2, 3, 3, 1, 3, 3)",1
2000,"(2, 3, 1, 1, 3, 2, 1, 2, 3, 1, 2, 3)",1
2001,"(1, 2, 1, 1, 3, 1, 3, 3, 3, 2, 2, 3)",1
2002,"(2, 3, 2, 1, 2, 1, 1, 2, 3, 1, 2, 3)",1
2003,"(1, 2, 1, 1, 3, 1, 1, 3, 3, 1, 2, 3)",1
2004,"(1, 2, 2, 1, 3, 3, 3, 3, 3, 3, 3, 3)",1
2005,"(1, 2, 2, 1, 3, 3, 3, 3, 3, 3, 2, 3)",2
2006,"(1, 2, 3, 2, 2, 1, 3, 3, 3, 2, 2, 3)",1
2007,"(1, 3, 1, 1, 3, 2, 3, 3, 3, 3, 2, 3)",2
2008,"(2, 3, 2, 1, 3, 3, 1, 2, 3, 1, 3, 3)",1
2009,"(1, 2, 2, 2, 3, 2, 1, 3, 3, 1, 2, 3)",1
2010,"(1, 3, 1, 1, 3, 1, 2, 3, 3, 1, 2, 3)",1
2011,"(3, 3, 1, 1, 3, 2, 1, 3, 3, 1, 2, 3)",1
2012,"(1, 2, 2, 1, 3, 3, 2, 3, 3, 1, 2, 3)",3
2013,"(2, 3, 3, 1, 3, 3, 1, 2, 3, 1, 2, 3)",2
2014,"(2, 3, 1, 1, 3, 1, 1, 2, 3, 1, 3, 3)",1
2015,"(1, 2, 2, 1, 3, 3, 2, 3, 3, 1, 3, 3)",1
2016,"(1, 2, 3, 3, 2, 1, 2, 3, 3, 1, 2, 3)",1
2017,"(1, 2, 3, 3, 2, 1, 1, 3, 3, 1, 2, 3)",1
2018,"(1, 2, 3, 3, 2, 1, 3, 3, 3, 2, 2, 3)",1
2019,"(1, 2, 3, 3, 2, 1, 2, 3, 3, 1, 3, 3)",1
2020,"(2, 3, 1, 1, 3, 2, 3, 3, 3, 3, 2, 3)",1
2021,"(1, 2, 1, 1, 3, 2, 2, 3, 3, 3, 2, 3)",1
2022,"(1, 2, 2, 1, 3, 2, 1, 3, 3, 1, 2, 3)",1
2023,"(1, 2, 2, 1, 3, 2, 2, 3, 3, 1, 2, 3)",1
2024,"(2, 3, 1, 1, 3, 1, 2, 3, 3, 1, 2, 3)",2
2025,"(1, 2, 2, 1, 2, 1, 2, 3, 3, 2, 2, 3)",2
2026,"(1, 2, 1, 1, 2, 1, 2, 3, 3, 2, 2, 3)",2
2027,"(1, 2, 3, 1, 3, 3, 3, 3, 3, 3, 2, 3)",2
2028,"(3, 3, 1, 1, 2, 1, 1, 3, 3, 1, 2, 3)",1
2029,"(1, 2, 3, 3, 2, 1, 2, 3, 3, 2, 2, 3)",2
2030,"(1, 2, 1, 1, 3, 2, 3, 3, 3, 2, 2, 3)",1
2031,"(1, 2, 2, 1, 3, 3, 1, 3, 3, 1, 2, 3)",1
2032,"(2, 3, 3, 2, 2, 2, 1, 2, 3, 1, 2, 3)",1
2033,"(1, 3, 1, 1, 3, 2, 3, 3, 3, 2, 2, 3)",1
2034,"(2, 2, 3, 3, 2, 1, 2, 3, 3, 2, 2, 3)",1
2035,"(1, 2, 3, 2, 2, 2, 3, 3, 3, 3, 2, 3)",1
2036,"(1, 2, 3, 2, 2, 1, 3, 3, 3, 3, 2, 3)",2
2037,"(1, 2, 2, 1, 3, 3, 3, 3, 3, 2, 3, 3)",1
2038,"(1, 2, 1, 1, 2, 1, 3, 3, 3, 3, 2, 3)",1
2039,"(1, 2, 3, 2, 2, 2, 2, 3, 3, 1, 2, 3)",2
2040,"(1, 2, 2, 1, 2, 2, 2, 3, 3, 1, 3, 3)",1
2041,"(2, 3, 2, 1, 3, 2, 1, 3, 3, 1, 2, 3)",1
2042,"(1, 2, 2, 1, 2, 1, 2, 3, 3, 1, 2, 3)",1
2043,"(1, 2, 3, 1, 3, 3, 2, 3, 3, 2, 2, 3)",2
2044,"(1, 3, 1, 1, 3, 2, 2, 3, 3, 3, 2, 3)",1
2045,"(2, 2, 3, 3, 2, 2, 1, 3, 3, 1, 2, 3)",1
2046,"(1, 2, 1, 1, 3, 2, 2, 3, 3, 2, 2, 3)",1
2047,"(1, 2, 3, 3, 2, 1, 3, 3, 3, 3, 3, 3)",1
2048,"(1, 2, 2, 1, 3, 3, 2, 3, 3, 2, 2, 3)",1
2049,"(2, 3, 1, 1, 3, 2, 2, 3, 3, 1, 2, 3)",2
2050,"(2, 3, 1, 1, 3, 2, 1, 3, 3, 1, 2, 3)",2
2051,"(2, 3, 1, 1, 3, 2, 3, 3, 3, 2, 2, 3)",1
2052,"(1, 2, 3, 2, 2, 2, 1, 3, 3, 1, 2, 3)",1
2053,"(1, 2, 3, 1, 3, 3, 3, 3, 3, 2, 2, 3)",2
2054,"(1, 2, 1, 1, 3, 1, 1, 3, 3, 1, 2, 3)",1
2055,"(1, 2, 1, 1, 3, 2, 3, 3, 3, 3, 2, 3)",1
2056,"(1, 2, 1, 1, 2, 1, 2, 3, 3, 3, 2, 3)",1
2057,"(1, 3, 1, 1, 3, 1, 3, 3, 3, 3, 2, 3)",1
2058,"(1, 2, 2, 1, 3, 3, 3, 3, 3, 3, 3, 3)",1
2059,"(1, 2, 1, 1, 3, 1, 2, 3, 3, 1, 2, 3)",2
2060,"(1, 2, 2, 1, 3, 3, 3, 3, 3, 3, 2, 3)",2
2061,"(1, 2, 3, 3, 2, 1, 2, 3, 3, 1, 2, 3)",3
2062,"(2, 3, 3, 3, 2, 2, 1, 3, 3, 1, 2, 3)",1
2063,"(1, 3, 1, 1, 3, 1, 2, 3, 3, 1, 2, 3)",1
2064,"(1, 3, 1, 1, 3, 1, 2, 3, 3, 1, 3, 3)",1
2065,"(1, 2, 2, 1, 3, 3, 2, 3, 3, 1, 2, 3)",3
2066,"(2, 2, 3, 3, 2, 1, 2, 3, 3, 1, 2, 3)",3
2067,"(1, 2, 1, 2, 3, 1, 2, 3, 3, 1, 2, 3)",1
2068,"(1, 2, 2, 2, 2, 1, 3, 3, 3, 3, 2, 3)",1
2069,"(2, 3, 1, 1, 3, 2, 3, 3, 3, 3, 3, 3)",1
2070,"(1, 2, 3, 2, 2, 2, 2, 3, 3, 2, 2, 3)",2
2071,"(1, 2, 3, 1, 2, 3, 1, 2, 3, 2, 3, 3)",1
2072,"(2, 3, 2, 1, 3, 3, 1, 2, 3, 2, 2, 3)",1
2073,"(1, 2, 3, 2, 2, 2, 3, 3, 3, 2, 2, 3)",1
2074,"(2, 3, 3, 1, 3, 3, 1, 3, 3, 1, 2, 3)",1
2075,"(1, 2, 2, 1, 3, 2, 2, 3, 3, 1, 2, 3)",1
2076,"(2, 3, 1, 1, 3, 1, 1, 3, 3, 1, 2, 3)",1
2077,"(1, 2, 2, 1, 2, 1, 2, 3, 3, 2, 2, 3)",1
2078,"(1, 2, 3, 2, 3, 3, 1, 3, 3, 1, 2, 3)",1
2079,"(1, 2, 3, 1, 3, 3, 3, 3, 3, 3, 2, 3)",4
2080,"(1, 2, 3, 3, 2, 1, 2, 3, 3, 2, 2, 3)",1
2081,"(1, 2, 1, 1, 3, 2, 3, 3, 3, 2, 2, 3)",1
2082,"(1, 2, 3, 3, 3, 2, 1, 3, 3, 1, 2, 3)",1
2083,"(2, 3, 3, 1, 2, 3, 1, 2, 3, 2, 3, 3)",1
2084,"(1, 3, 3, 1, 2, 3, 1, 2, 3, 1, 3, 3)",1
2085,"(1, 2, 3, 3, 2, 1, 3, 3, 3, 3, 2, 3)",2
2086,"(1, 2, 3, 1, 3, 3, 2, 3, 3, 2, 2, 3)",1
2087,"(3, 3, 3, 1, 3, 3, 1, 3, 3, 1, 2, 3)",1
2088,"(1, 2, 3, 3, 2, 2, 2, 3, 3, 1, 3, 3)",1
2089,"(1, 2, 1, 1, 3, 1, 2, 3, 3, 2, 2, 3)",2
2090,"(1, 2, 2, 2, 2, 1, 1, 3, 3, 1, 2, 3)",1
2091,"(1, 2, 3, 1, 3, 3, 3, 3, 3, 3, 3, 3)",1
2092,"(2, 3, 3, 3, 2, 1, 1, 2, 3, 1, 2, 3)",1
2093,"(1, 2, 2, 1, 3, 3, 2, 3, 3, 2, 2, 3)",1
2094,"(1, 2, 3, 2, 2, 1, 2, 3, 3, 2, 3, 3)",1
2095,"(2, 3, 1, 1, 3, 2, 2, 3, 3, 1, 2, 3)",1
2096,"(2, 3, 1, 1, 3, 1, 3, 3, 3, 3, 2, 3)",3
2097,"(2, 3, 1, 1, 3, 2, 1, 3, 3, 1, 2, 3)",1
2098,"(1, 2, 3, 3, 2, 1, 3, 2, 3, 3, 2, 3)",1
2099,"(2, 3, 2, 1, 3, 3, 1, 3, 3, 1, 2, 3)",1
2100,"(1, 2, 3, 1, 3, 3, 3, 3, 3, 2, 3, 3)",1
2101,"(1, 2, 3, 1, 3, 3, 3, 3, 3, 2, 2, 3)",1
2102,"(1, 2, 2, 1, 2, 1, 2, 3, 3, 1, 2, 3)",1
2103,"(2, 3, 1, 1, 3, 2, 2, 3, 3, 1, 3, 3)",1
2104,"(3, 3, 1, 2, 2, 1, 3, 3, 3, 3, 2, 3)",1
2105,"(1, 2, 3, 1, 3, 3, 2, 3, 3, 1, 2, 3)",1
2106,"(1, 2, 3, 1, 3, 3, 1, 3, 3, 1, 3, 3)",1
2107,"(1, 2, 1, 1, 3, 1, 2, 3, 3, 1, 2, 3)",1
2108,"(1, 2, 3, 1, 2, 3, 3, 3, 3, 3, 2, 3)",1
2109,"(1, 3, 1, 1, 3, 2, 3, 3, 3, 3, 2, 3)",2
2110,"(2, 3, 1, 1, 3, 1, 2, 3, 3, 2, 2, 3)",1
2111,"(1, 2, 3, 1, 2, 3, 2, 3, 3, 1, 2, 3)",1
2112,"(1, 2, 3, 3, 2, 1, 3, 3, 3, 3, 3, 3)",1
2113,"(3, 3, 1, 1, 3, 2, 2, 3, 3, 1, 2, 3)",1
2114,"(1, 2, 3, 3, 2, 1, 2, 3, 3, 1, 2, 3)",2
2115,"(1, 2, 3, 3, 2, 1, 1, 3, 3, 1, 2, 3)",1
2116,"(1, 2, 3, 3, 2, 1, 3, 3, 3, 2, 2, 3)",1
2117,"(1, 2, 3, 1, 3, 3, 2, 2, 3, 3, 2, 3)",1
2118,"(2, 3, 1, 1, 3, 2, 3, 3, 3, 3, 2, 3)",3
2119,"(1, 2, 3, 2, 2, 2, 3, 3, 3, 2, 2, 3)",1
2120,"(1, 3, 3, 2, 2, 3, 1, 2, 3, 1, 3, 3)",1
2121,"(1, 2, 3, 1, 2, 2, 3, 3, 3, 2, 2, 3)",1
2122,"(2, 2, 3, 3, 2, 1, 3, 3, 3, 3, 2, 3)",1
2123,"(2, 3, 1, 1, 3, 1, 1, 3, 3, 1, 2, 3)",1
2124,"(3, 3, 2, 2, 2, 2, 1, 3, 3, 1, 2, 3)",1
2125,"(1, 2, 2, 1, 2, 1, 2, 3, 3, 2, 2, 3)",1
2126,"(1, 2, 2, 2, 2, 1, 2, 2, 3, 3, 2, 3)",1
2127,"(1, 3, 2, 1, 2, 1, 1, 2, 3, 2, 3, 3)",1
2128,"(1, 2, 2, 1, 2, 2, 2, 3, 3, 2, 2, 3)",1
2129,"(1, 2, 3, 1, 3, 3, 3, 3, 3, 3, 2, 3)",1
2130,"(1, 3, 1, 1, 3, 1, 1, 3, 3, 1, 2, 3)",1
2131,"(1, 2, 1, 1, 3, 1, 3, 3, 3, 3, 2, 3)",1
2132,"(1, 2, 2, 1, 3, 3, 1, 3, 3, 1, 2, 3)",1
2133,"(1, 3, 1, 1, 3, 2, 3, 3, 3, 2, 2, 3)",1
2134,"(1, 2, 3, 2, 2, 2, 3, 3, 3, 3, 2, 3)",1
2135,"(1, 2, 3, 3, 3, 2, 2, 3, 3, 1, 2, 3)",1
2136,"(1, 2, 2, 2, 2, 2, 2, 2, 3, 3, 3, 3)",1
2137,"(1, 2, 2, 1, 3, 3, 3, 3, 3, 2, 2, 3)",1
2138,"(2, 3, 2, 1, 2, 2, 1, 2, 3, 1, 2, 3)",1
2139,"(1, 2, 2, 1, 2, 1, 3, 3, 3, 2, 2, 3)",1
2140,"(1, 2, 2, 2, 3, 1, 2, 3, 3, 1, 2, 3)",1
2141,"(2, 3, 3, 3, 2, 1, 1, 2, 3, 1, 2, 3)",1
2142,"(1, 2, 1, 1, 2, 1, 2, 3, 3, 1, 2, 3)",2
2143,"(1, 3, 2, 1, 3, 3, 1, 2, 3, 1, 2, 3)",1
2144,"(1, 2, 1, 1, 3, 1, 2, 3, 3, 2, 2, 3)",1
2145,"(1, 2, 3, 3, 2, 2, 2, 3, 3, 1, 2, 3)",2
2146,"(1, 2, 1, 1, 3, 1, 3, 3, 3, 3, 2, 3)",1
2147,"(1, 2, 2, 2, 2, 1, 2, 3, 3, 1, 3, 3)",1
2148,"(1, 2, 2, 1, 3, 2, 3, 3, 3, 3, 2, 3)",2
2149,"(2, 3, 1, 1, 3, 2, 2, 3, 3, 1, 2, 3)",1
2150,"(2, 3, 1, 1, 3, 1, 3, 3, 3, 3, 2, 3)",1
2151,"(2, 3, 1, 1, 3, 2, 3, 3, 3, 2, 2, 3)",1
2152,"(1, 2, 2, 1, 2, 1, 2, 3, 3, 3, 2, 3)",1
2153,"(1, 3, 1, 1, 3, 2, 2, 3, 3, 1, 2, 3)",3
2154,"(1, 2, 3, 1, 2, 3, 2, 3, 3, 2, 3, 3)",1
2155,"(2, 3, 3, 3, 2, 2, 1, 2, 3, 1, 2, 3)",1
2156,"(1, 2, 1, 1, 3, 1, 3, 3, 3, 2, 3, 3)",1
2157,"(2, 3, 1, 1, 3, 2, 1, 2, 3, 1, 2, 3)",1
2158,"(1, 2, 1, 1, 3, 2, 3, 3, 3, 3, 2, 3)",2
2159,"(1, 2, 2, 2, 2, 1, 2, 3, 3, 2, 2, 3)",1
2160,"(1, 2, 3, 1, 3, 3, 2, 3, 3, 1, 2, 3)",2
2161,"(1, 2, 1, 1, 3, 1, 2, 3, 3, 1, 2, 3)",2
2162,"(1, 2, 2, 1, 3, 3, 3, 3, 3, 3, 2, 3)",1
2163,"(1, 3, 1, 1, 3, 2, 3, 3, 3, 3, 2, 3)",1
2164,"(2, 3, 1, 1, 3, 1, 2, 3, 3, 2, 3, 3)",1
2165,"(2, 3, 1, 1, 3, 2, 2, 3, 3, 2, 2, 3)",1
2166,"(3, 3, 1, 2, 2, 1, 2, 3, 3, 1, 2, 3)",1
2167,"(1, 2, 3, 2, 2, 3, 2, 2, 3, 3, 3, 3)",1
2168,"(2, 3, 3, 1, 3, 3, 1, 2, 3, 1, 3, 3)",2
2169,"(1, 2, 2, 1, 3, 3, 2, 3, 3, 1, 2, 3)",1
2170,"(1, 2, 2, 2, 2, 1, 3, 3, 3, 3, 3, 3)",1
2171,"(1, 2, 3, 3, 2, 1, 2, 3, 3, 1, 3, 3)",1
2172,"(1, 2, 3, 3, 2, 1, 3, 3, 3, 2, 3, 3)",2
2173,"(1, 2, 3, 2, 2, 2, 2, 3, 3, 2, 2, 3)",1
2174,"(1, 2, 3, 2, 2, 3, 3, 3, 3, 3, 2, 3)",1
2175,"(1, 2, 2, 2, 2, 1, 3, 3, 3, 2, 2, 3)",1
2176,"(2, 3, 3, 2, 2, 2, 1, 3, 3, 1, 2, 3)",1
2177,"(2, 3, 1, 1, 3, 1, 1, 3, 3, 1, 2, 3)",1
2178,"(1, 2, 2, 1, 2, 1, 2, 3, 3, 2, 2, 3)",2
2179,"(1, 2, 3, 1, 2, 3, 3, 3, 3, 2, 2, 3)",1
2180,"(1, 2, 3, 1, 3, 3, 3, 3, 3, 3, 2, 3)",2
2181,"(1, 2, 1, 1, 3, 2, 2, 3, 3, 1, 2, 3)",1
2182,"(1, 2, 3, 3, 2, 1, 2, 3, 3, 2, 2, 3)",1
2183,"(1, 2, 1, 1, 3, 2, 3, 3, 3, 2, 2, 3)",1
2184,"(2, 3, 3, 2, 2, 2, 1, 2, 3, 1, 2, 3)",1
2185,"(1, 3, 1, 1, 3, 2, 3, 3, 3, 2, 2, 3)",2
2186,"(1, 2, 3, 3, 3, 2, 2, 3, 3, 1, 2, 3)",1
2187,"(1, 2, 1, 1, 2, 1, 1, 3, 3, 1, 3, 3)",1
2188,"(2, 3, 1, 1, 2, 1, 3, 3, 3, 3, 2, 3)",1
2189,"(1, 2, 3, 3, 2, 1, 3, 3, 3, 3, 3, 3)",1
2190,"(1, 2, 3, 3, 3, 3, 2, 3, 3, 1, 2, 3)",1
2191,"(1, 2, 3, 1, 2, 2, 2, 3, 3, 1, 3, 3)",1
2192,"(1, 2, 3, 3, 2, 1, 3, 3, 3, 3, 2, 3)",4
2193,"(1, 2, 3, 1, 3, 3, 2, 3, 3, 2, 2, 3)",2
2194,"(1, 2, 3, 1, 2, 3, 2, 3, 3, 2, 2, 3)",2
2195,"(1, 2, 2, 2, 2, 1, 2, 3, 3, 1, 2, 3)",2
2196,"(1, 2, 1, 1, 3, 2, 2, 3, 3, 2, 3, 3)",1
2197,"(1, 2, 1, 1, 3, 2, 2, 3, 3, 2, 2, 3)",1
2198,"(2, 3, 1, 1, 3, 2, 2, 3, 3, 1, 2, 3)",1
2199,"(2, 3, 1, 1, 3, 1, 3, 3, 3, 3, 2, 3)",2
2200,"(2, 3, 1, 1, 3, 2, 1, 3, 3, 1, 2, 3)",1
2201,"(2, 3, 1, 1, 3, 2, 3, 3, 3, 2, 3, 3)",1
2202,"(1, 3, 1, 1, 3, 2, 2, 3, 3, 1, 2, 3)",2
2203,"(1, 2, 3, 1, 3, 3, 3, 3, 3, 2, 2, 3)",1
2204,"(1, 2, 2, 1, 3, 3, 2, 3, 3, 1, 3, 3)",1
2205,"(1, 2, 1, 1, 3, 2, 3, 3, 3, 3, 2, 3)",2
2206,"(1, 2, 3, 1, 3, 3, 2, 3, 3, 1, 3, 3)",1
2207,"(1, 2, 2, 2, 2, 1, 2, 3, 3, 2, 2, 3)",1
2208,"(1, 2, 1, 1, 3, 1, 1, 3, 3, 1, 2, 3)",1
2209,"(1, 2, 1, 1, 3, 1, 2, 3, 3, 1, 2, 3)",1
2210,"(1, 2, 2, 1, 3, 3, 3, 3, 3, 3, 2, 3)",2
2211,"(1, 2, 2, 1, 3, 2, 2, 3, 3, 2, 2, 3)",1
2212,"(2, 3, 1, 1, 3, 1, 2, 3, 3, 2, 2, 3)",1
2213,"(1, 3, 1, 1, 3, 1, 2, 3, 3, 1, 2, 3)",2
2214,"(1, 2, 2, 1, 2, 1, 3, 3, 3, 3, 2, 3)",1
2215,"(3, 3, 1, 1, 3, 2, 2, 3, 3, 1, 2, 3)",1
2216,"(1, 2, 2, 1, 3, 3, 2, 3, 3, 1, 2, 3)",1
2217,"(2, 2, 3, 3, 2, 1, 2, 3, 3, 1, 2, 3)",1
2218,"(1, 2, 3, 2, 2, 2, 1, 2, 3, 1, 2, 3)",1
2219,"(2, 3, 3, 1, 3, 3, 1, 2, 3, 1, 2, 3)",1
2220,"(2, 3, 2, 2, 2, 1, 1, 2, 3, 1, 2, 3)",1
2221,"(1, 2, 1, 1, 3, 1, 2, 3, 3, 3, 2, 3)",1
2222,"(1, 2, 2, 2, 2, 1, 3, 3, 3, 3, 2, 3)",1
2223,"(1, 2, 3, 3, 2, 1, 3, 3, 3, 2, 2, 3)",1
2224,"(1, 2, 3, 3, 2, 2, 3, 3, 3, 2, 2, 3)",1
2225,"(2, 3, 3, 2, 2, 1, 1, 2, 3, 1, 2, 3)",1
2226,"(1, 2, 1, 1, 3, 2, 2, 3, 3, 3, 2, 3)",1
2227,"(2, 3, 1, 1, 3, 1, 1, 3, 3, 1, 2, 3)",2
2228,"(2, 3, 2, 1, 3, 3, 1, 2, 3, 1, 3, 3)",1
2229,"(1, 2, 3, 2, 3, 3, 2, 3, 3, 1, 2, 3)",3
2230,"(1, 2, 3, 2, 3, 3, 1, 3, 3, 1, 2, 3)",1
2231,"(1, 2, 3, 1, 3, 3, 3, 3, 3, 3, 2, 3)",1
2232,"(1, 2, 1, 1, 3, 2, 1, 3, 3, 1, 3, 3)",1
2233,"(1, 2, 1, 1, 3, 2, 2, 3, 3, 1, 2, 3)",2
2234,"(1, 2, 1, 1, 3, 2, 3, 3, 3, 2, 2, 3)",1
2235,"(1, 2, 3, 2, 2, 2, 3, 3, 3, 3, 2, 3)",1
2236,"(1, 2, 3, 3, 3, 2, 2, 3, 3, 1, 2, 3)",1
2237,"(1, 2, 2, 1, 3, 3, 3, 3, 3, 2, 2, 3)",1
2238,"(1, 2, 1, 1, 3, 3, 2, 3, 3, 1, 2, 3)",1
2239,"(1, 2, 1, 1, 2, 1, 2, 3, 3, 2, 2, 3)",1
2240,"(1, 2, 2, 2, 2, 2, 2, 3, 3, 1, 3, 3)",1
2241,"(2, 3, 3, 3, 2, 1, 1, 2, 3, 1, 2, 3)",2
2242,"(1, 2, 3, 1, 2, 2, 2, 3, 3, 1, 3, 3)",1
2243,"(1, 2, 3, 3, 2, 1, 3, 3, 3, 3, 2, 3)",2
2244,"(1, 3, 1, 1, 3, 1, 1, 3, 3, 1, 2, 3)",1
2245,"(1, 2, 3, 1, 3, 3, 1, 3, 3, 1, 2, 3)",1
2246,"(1, 2, 1, 1, 3, 1, 2, 3, 3, 2, 2, 3)",1
2247,"(1, 2, 2, 2, 2, 1, 1, 3, 3, 1, 2, 3)",1
2248,"(2, 3, 1, 1, 2, 1, 2, 3, 3, 1, 2, 3)",1
2249,"(1, 2, 3, 2, 2, 3, 3, 3, 3, 2, 2, 3)",1
2250,"(1, 2, 3, 3, 2, 1, 3, 3, 3, 3, 3, 3)",1
2251,"(1, 2, 2, 1, 3, 3, 2, 2, 3, 2, 3, 3)",1
2252,"(2, 3, 1, 1, 3, 1, 3, 3, 3, 3, 2, 3)",1
2253,"(2, 3, 1, 1, 3, 2, 2, 3, 3, 1, 2, 3)",2
2254,"(2, 3, 1, 1, 3, 2, 2, 3, 3, 1, 3, 3)",2
2255,"(1, 2, 3, 1, 2, 3, 2, 3, 3, 2, 2, 3)",1
2256,"(1, 2, 3, 3, 2, 1, 2, 2, 3, 3, 2, 3)",1
2257,"(2, 2, 1, 2, 2, 1, 3, 3, 3, 3, 2, 3)",1
2258,"(1, 2, 3, 1, 3, 3, 3, 3, 3, 2, 2, 3)",1
2259,"(2, 3, 1, 1, 3, 2, 1, 2, 3, 1, 2, 3)",2
2260,"(2, 3, 2, 1, 2, 1, 1, 2, 3, 1, 2, 3)",1
2261,"(1, 2, 1, 1, 3, 2, 3, 3, 3, 3, 2, 3)",2
2262,"(2, 2, 3, 3, 2, 1, 2, 3, 3, 1, 2, 3)",1
2263,"(1, 2, 2, 2, 2, 2, 2, 3, 3, 2, 2, 3)",1
2264,"(1, 2, 3, 1, 3, 3, 2, 3, 3, 1, 2, 3)",1
2265,"(1, 3, 1, 1, 3, 1, 3, 3, 3, 3, 2, 3)",1
2266,"(1, 2, 1, 1, 3, 1, 1, 3, 3, 1, 2, 3)",1
2267,"(1, 2, 2, 1, 3, 3, 3, 3, 3, 3, 2, 3)",2
2268,"(1, 2, 2, 1, 3, 2, 2, 3, 3, 2, 2, 3)",1
2269,"(1, 2, 3, 1, 2, 3, 3, 3, 3, 3, 2, 3)",1
2270,"(1, 2, 1, 1, 2, 1, 3, 3, 3, 2, 2, 3)",2
2271,"(1, 2, 3, 2, 2, 2, 3, 3, 3, 2, 2, 3)",1
2272,"(1, 2, 3, 3, 3, 1, 2, 3, 3, 1, 2, 3)",2
2273,"(1, 3, 3, 1, 3, 3, 1, 2, 3, 1, 2, 3)",1
2274,"(1, 3, 1, 1, 3, 1, 2, 3, 3, 1, 3, 3)",1
2275,"(1, 2, 2, 1, 3, 3, 2, 3, 3, 1, 2, 3)",2
2276,"(1, 2, 3, 2, 2, 3, 1, 3, 3, 1, 2, 3)",1
2277,"(2, 3, 1, 1, 3, 1, 1, 2, 3, 1, 3, 3)",1
2278,"(2, 3, 3, 1, 3, 3, 1, 2, 3, 1, 2, 3)",1
2279,"(1, 2, 3, 3, 2, 1, 1, 3, 3, 1, 2, 3)",1
2280,"(1, 2, 2, 2, 2, 1, 2, 3, 3, 1, 2, 3)",1
2281,"(2, 3, 1, 1, 3, 1, 3, 3, 3, 2, 3, 3)",1
2282,"(1, 2, 1, 1, 2, 1, 2, 2, 3, 2, 3, 3)",1
2283,"(2, 3, 1, 1, 3, 2, 3, 3, 3, 3, 2, 3)",1
2284,"(1, 2, 2, 1, 3, 3, 3, 3, 3, 2, 2, 3)",2
2285,"(2, 2, 3, 3, 2, 1, 3, 3, 3, 3, 2, 3)",1
2286,"(2, 3, 1, 1, 3, 1, 2, 3, 3, 1, 2, 3)",2
2287,"(3, 3, 1, 1, 2, 1, 3, 3, 3, 2, 2, 3)",1
2288,"(1, 2, 3, 1, 3, 3, 3, 3, 3, 3, 2, 3)",1
2289,"(1, 2, 3, 1, 3, 3, 3, 3, 3, 3, 3, 3)",1
2290,"(1, 2, 1, 1, 3, 2, 2, 3, 3, 1, 2, 3)",1
2291,"(1, 2, 3, 3, 2, 1, 2, 3, 3, 2, 2, 3)",1
2292,"(1, 2, 1, 1, 3, 2, 3, 3, 3, 2, 2, 3)",1
2293,"(1, 2, 2, 1, 3, 3, 1, 3, 3, 1, 2, 3)",1
2294,"(1, 2, 1, 1, 2, 1, 3, 2, 3, 3, 2, 3)",1
2295,"(1, 2, 3, 3, 3, 2, 2, 3, 3, 1, 2, 3)",1
2296,"(2, 3, 3, 3, 2, 1, 1, 3, 3, 1, 2, 3)",1
2297,"(1, 2, 2, 1, 3, 3, 2, 3, 3, 2, 2, 3)",1
2298,"(1, 2, 3, 1, 2, 3, 2, 3, 3, 1, 3, 3)",1
2299,"(1, 2, 2, 2, 3, 1, 2, 3, 3, 1, 2, 3)",1
2300,"(1, 2, 2, 1, 3, 3, 1, 2, 3, 1, 2, 3)",1
2301,"(1, 2, 3, 3, 2, 1, 3, 3, 3, 3, 2, 3)",1
2302,"(1, 2, 1, 1, 2, 1, 2, 3, 3, 1, 2, 3)",1
2303,"(1, 2, 3, 1, 3, 3, 2, 3, 3, 2, 2, 3)",1
2304,"(1, 2, 1, 1, 3, 1, 2, 3, 3, 2, 2, 3)",2
2305,"(1, 2, 1, 1, 3, 2, 2, 3, 3, 2, 2, 3)",1
2306,"(1, 3, 2, 1, 2, 1, 1, 2, 3, 1, 2, 3)",1
2307,"(2, 3, 1, 1, 3, 1, 3, 3, 3, 3, 2, 3)",1
2308,"(2, 3, 1, 1, 3, 2, 1, 3, 3, 1, 2, 3)",1
2309,"(1, 3, 1, 1, 3, 2, 3, 3, 3, 2, 3, 3)",1
2310,"(1, 2, 2, 1, 2, 1, 2, 3, 3, 3, 2, 3)",1
2311,"(1, 2, 3, 1, 2, 3, 2, 3, 3, 2, 2, 3)",1
2312,"(1, 3, 1, 1, 3, 2, 2, 3, 3, 1, 2, 3)",2
2313,"(2, 2, 3, 3, 2, 1, 3, 3, 3, 3, 2, 3)",1
2314,"(1, 2, 2, 1, 2, 1, 2, 3, 3, 1, 2, 3)",1
2315,"(1, 2, 3, 2, 2, 2, 3, 3, 3, 3, 3, 3)",1
2316,"(1, 2, 2, 1, 2, 2, 1, 3, 3, 1, 2, 3)",1
2317,"(1, 2, 3, 2, 2, 2, 1, 3, 3, 1, 3, 3)",1
2318,"(1, 2, 3, 1, 3, 3, 2, 3, 3, 1, 2, 3)",2
2319,"(1, 2, 1, 1, 3, 1, 1, 3, 3, 1, 2, 3)",1
2320,"(1, 2, 1, 1, 3, 1, 2, 3, 3, 1, 2, 3)",1
2321,"(1, 2, 2, 1, 3, 3, 3, 3, 3, 3, 2, 3)",3
2322,"(1, 2, 2, 1, 3, 2, 2, 3, 3, 2, 2, 3)",1
2323,"(1, 2, 3, 1, 2, 3, 3, 3, 3, 3, 2, 3)",1
2324,"(1, 3, 1, 1, 3, 2, 3, 3, 3, 3, 2, 3)",1
2325,"(1, 2, 3, 2, 2, 2, 3, 3, 3, 2, 2, 3)",1
2326,"(1, 2, 2, 1, 2, 1, 3, 3, 3, 3, 2, 3)",1
2327,"(1, 2, 1, 1, 2, 1, 1, 3, 3, 1, 2, 3)",1
2328,"(1, 2, 2, 1, 3, 3, 2, 3, 3, 1, 2, 3)",2
2329,"(1, 2, 3, 3, 2, 1, 2, 3, 3, 1, 2, 3)",2
2330,"(1, 2, 2, 2, 2, 1, 3, 3, 3, 3, 2, 3)",2
2331,"(1, 2, 3, 3, 2, 1, 3, 3, 3, 2, 2, 3)",2
2332,"(1, 2, 3, 3, 2, 1, 2, 3, 3, 1, 3, 3)",1
2333,"(2, 3, 2, 1, 2, 1, 1, 2, 3, 2, 3, 3)",1
2334,"(2, 3, 1, 1, 3, 1, 2, 3, 3, 1, 3, 3)",1
2335,"(1, 2, 3, 2, 2, 2, 2, 3, 3, 2, 2, 3)",1
2336,"(1, 2, 3, 2, 2, 3, 3, 3, 3, 3, 2, 3)",1
2337,"(2, 3, 1, 1, 3, 2, 3, 3, 3, 3, 2, 3)",2
2338,"(2, 3, 3, 1, 3, 3, 1, 3, 3, 1, 2, 3)",1
2339,"(1, 3, 3, 2, 2, 2, 1, 2, 3, 2, 2, 3)",1
2340,"(1, 2, 3, 2, 3, 3, 2, 3, 3, 1, 2, 3)",1
2341,"(1, 2, 3, 2, 3, 3, 1, 3, 3, 1, 2, 3)",1
2342,"(2, 3, 2, 2, 2, 2, 1, 2, 3, 1, 2, 3)",1
2343,"(1, 2, 3, 1, 3, 3, 3, 3, 3, 3, 2, 3)",1
2344,"(2, 2, 1, 1, 3, 1, 2, 3, 3, 1, 2, 3)",1
2345,"(1, 3, 1, 1, 3, 1, 1, 3, 3, 1, 2, 3)",1
2346,"(1, 2, 3, 3, 2, 1, 2, 3, 3, 2, 2, 3)",2
2347,"(1, 2, 1, 1, 3, 2, 3, 3, 3, 2, 2, 3)",2
2348,"(1, 2, 2, 1, 3, 2, 2, 3, 3, 3, 2, 3)",1
2349,"(2, 3, 3, 2, 2, 2, 1, 2, 3, 1, 2, 3)",1
2350,"(3, 3, 1, 2, 2, 1, 3, 3, 3, 3, 2, 3)",1
2351,"(3, 3, 1, 2, 2, 1, 2, 3, 3, 1, 2, 3)",1
2352,"(1, 2, 3, 1, 2, 3, 1, 3, 3, 1, 2, 3)",1
2353,"(1, 2, 2, 1, 3, 3, 3, 3, 3, 2, 3, 3)",2
2354,"(2, 3, 1, 1, 3, 1, 1, 3, 3, 2, 2, 3)",1
2355,"(1, 2, 3, 3, 2, 1, 3, 3, 3, 3, 3, 3)",1
2356,"(1, 2, 3, 2, 2, 2, 3, 2, 3, 3, 3, 3)",1
2357,"(2, 3, 1, 1, 3, 2, 3, 3, 3, 3, 2, 3)",1
2358,"(2, 3, 3, 3, 2, 1, 1, 2, 3, 1, 3, 3)",1
2359,"(1, 2, 2, 1, 2, 1, 3, 3, 3, 2, 2, 3)",1
2360,"(1, 2, 3, 2, 2, 3, 2, 3, 3, 1, 3, 3)",1
2361,"(1, 2, 3, 1, 3, 3, 2, 3, 3, 2, 3, 3)",1
2362,"(1, 2, 2, 2, 2, 1, 2, 3, 3, 1, 2, 3)",2
2363,"(1, 3, 1, 1, 3, 1, 2, 3, 3, 2, 2, 3)",1
2364,"(1, 2, 1, 1, 3, 2, 2, 3, 3, 2, 2, 3)",2
2365,"(1, 2, 1, 1, 2, 1, 3, 3, 3, 2, 2, 3)",1
2366,"(1, 2, 2, 1, 3, 3, 2, 3, 3, 2, 2, 3)",2
2367,"(2, 3, 1, 1, 3, 1, 3, 3, 3, 3, 2, 3)",1
2368,"(2, 3, 1, 1, 3, 2, 2, 3, 3, 1, 2, 3)",2
2369,"(2, 3, 1, 1, 3, 2, 1, 3, 3, 1, 2, 3)",2
2370,"(1, 2, 3, 1, 2, 3, 2, 3, 3, 2, 2, 3)",1
2371,"(2, 3, 3, 2, 2, 1, 1, 2, 3, 1, 2, 3)",1
2372,"(3, 3, 3, 3, 2, 2, 1, 3, 3, 1, 2, 3)",1
2373,"(1, 2, 1, 1, 3, 2, 3, 3, 3, 3, 2, 3)",1
2374,"(1, 2, 3, 1, 3, 3, 1, 3, 3, 1, 2, 3)",1
2375,"(1, 2, 3, 1, 3, 3, 2, 3, 3, 1, 2, 3)",1
2376,"(1, 2, 1, 1, 3, 1, 2, 3, 3, 1, 2, 3)",3
2377,"(2, 3, 3, 1, 2, 3, 1, 2, 3, 1, 2, 3)",1
2378,"(1, 2, 2, 1, 3, 3, 3, 3, 3, 3, 2, 3)",2
2379,"(1, 2, 3, 2, 2, 2, 3, 3, 3, 2, 2, 3)",1
2380,"(1, 2, 3, 3, 3, 1, 2, 3, 3, 1, 2, 3)",1
2381,"(2, 3, 1, 1, 3, 2, 2, 3, 3, 2, 2, 3)",1
2382,"(1, 3, 1, 1, 3, 1, 2, 3, 3, 1, 2, 3)",1
2383,"(2, 3, 3, 1, 3, 3, 1, 2, 3, 1, 3, 3)",1
2384,"(2, 3, 3, 3, 2, 1, 1, 2, 3, 1, 2, 3)",1
2385,"(1, 2, 2, 1, 3, 3, 2, 3, 3, 1, 2, 3)",1
2386,"(2, 3, 2, 2, 2, 1, 1, 2, 3, 1, 2, 3)",1
2387,"(1, 2, 2, 2, 2, 1, 3, 3, 3, 3, 2, 3)",1
2388,"(1, 2, 3, 3, 2, 1, 2, 3, 3, 1, 3, 3)",1
2389,"(1, 2, 2, 1, 3, 2, 3, 3, 3, 2, 2, 3)",1
2390,"(1, 2, 3, 2, 2, 2, 2, 3, 3, 2, 3, 3)",1
2391,"(1, 2, 3, 1, 3, 3, 2, 2, 3, 3, 3, 3)",1
2392,"(1, 2, 1, 1, 3, 1, 1, 3, 3, 2, 2, 3)",1
2393,"(1, 2, 2, 1, 3, 2, 1, 3, 3, 1, 2, 3)",3
2394,"(2, 3, 1, 1, 3, 1, 2, 3, 3, 1, 3, 3)",1
2395,"(2, 3, 1, 1, 3, 1, 2, 3, 3, 1, 2, 3)",1
2396,"(1, 2, 2, 2, 2, 1, 2, 3, 3, 1, 3, 3)",1
2397,"(1, 2, 2, 1, 2, 1, 2, 3, 3, 2, 2, 3)",1
2398,"(1, 2, 3, 2, 3, 3, 2, 3, 3, 1, 2, 3)",1
2399,"(1, 2, 3, 2, 3, 3, 1, 3, 3, 1, 2, 3)",1
2400,"(1, 2, 2, 2, 2, 2, 1, 3, 3, 1, 2, 3)",1
2401,"(1, 2, 3, 1, 3, 3, 3, 3, 3, 3, 2, 3)",5
2402,"(1, 2, 3, 3, 2, 1, 2, 3, 3, 2, 2, 3)",2
2403,"(1, 2, 1, 1, 3, 2, 2, 3, 3, 1, 3, 3)",1
2404,"(2, 3, 3, 2, 2, 2, 1, 2, 3, 1, 2, 3)",1
2405,"(1, 3, 1, 1, 3, 2, 1, 3, 3, 1, 2, 3)",1
2406,"(1, 2, 3, 3, 3, 2, 2, 3, 3, 1, 2, 3)",1
2407,"(1, 2, 2, 1, 3, 3, 3, 3, 3, 2, 2, 3)",2
2408,"(1, 2, 3, 2, 2, 3, 2, 3, 3, 2, 2, 3)",1
2409,"(2, 3, 1, 1, 2, 1, 3, 2, 3, 3, 2, 3)",1
2410,"(1, 2, 2, 1, 3, 3, 3, 3, 3, 2, 3, 3)",2
2411,"(2, 3, 1, 1, 3, 2, 2, 3, 3, 3, 2, 3)",1
2412,"(1, 2, 3, 3, 2, 1, 3, 3, 3, 3, 2, 3)",1
2413,"(1, 2, 1, 1, 2, 1, 2, 3, 3, 1, 2, 3)",1
2414,"(1, 2, 3, 1, 3, 3, 2, 3, 3, 2, 2, 3)",1
2415,"(1, 2, 1, 1, 3, 1, 2, 3, 3, 2, 2, 3)",1
2416,"(1, 2, 1, 1, 3, 1, 3, 3, 3, 3, 2, 3)",1
2417,"(1, 2, 3, 2, 2, 3, 3, 3, 3, 2, 2, 3)",1
2418,"(3, 3, 1, 2, 2, 1, 1, 2, 3, 1, 2, 3)",1
2419,"(1, 2, 2, 1, 2, 1, 3, 3, 3, 3, 2, 3)",1
2420,"(1, 2, 3, 1, 3, 3, 1, 2, 3, 1, 2, 3)",1
2421,"(2, 3, 1, 1, 3, 1, 3, 3, 3, 3, 2, 3)",2
2422,"(1, 2, 3, 3, 2, 1, 3, 2, 3, 3, 2, 3)",1
2423,"(1, 2, 2, 1, 2, 1, 2, 3, 3, 3, 2, 3)",1
2424,"(2, 3, 1, 1, 3, 2, 3, 3, 3, 2, 3, 3)",1
2425,"(1, 2, 3, 3, 2, 2, 2, 3, 3, 3, 2, 3)",1
2426,"(2, 3, 2, 1, 3, 3, 1, 2, 3, 1, 2, 3)",2
2427,"(1, 2, 1, 1, 3, 2, 3, 3, 3, 3, 2, 3)",1
2428,"(1, 2, 2, 2, 2, 1, 2, 3, 3, 2, 2, 3)",1
2429,"(1, 2, 3, 1, 3, 3, 2, 3, 3, 1, 2, 3)",2
2430,"(1, 3, 1, 1, 3, 1, 3, 3, 3, 3, 2, 3)",1
2431,"(1, 2, 1, 1, 3, 1, 1, 3, 3, 1, 2, 3)",1
2432,"(1, 2, 1, 1, 3, 1, 2, 3, 3, 1, 2, 3)",3
2433,"(1, 2, 2, 1, 3, 3, 3, 3, 3, 3, 2, 3)",2
2434,"(1, 2, 3, 2, 2, 1, 3, 3, 3, 2, 2, 3)",1
2435,"(1, 2, 2, 2, 3, 2, 2, 3, 3, 1, 2, 3)",1
2436,"(2, 3, 2, 1, 3, 2, 1, 2, 3, 1, 3, 3)",1
2437,"(2, 3, 2, 2, 2, 1, 1, 2, 3, 1, 3, 3)",1
2438,"(1, 3, 1, 1, 3, 1, 2, 3, 3, 1, 2, 3)",1
2439,"(3, 3, 1, 1, 3, 2, 1, 3, 3, 1, 2, 3)",1
2440,"(1, 2, 2, 1, 3, 3, 2, 3, 3, 1, 2, 3)",1
2441,"(1, 2, 3, 1, 3, 3, 2, 3, 3, 3, 2, 3)",1
2442,"(1, 2, 3, 3, 2, 2, 3, 3, 3, 3, 2, 3)",2
2443,"(1, 2, 2, 2, 2, 1, 3, 3, 3, 3, 2, 3)",1
2444,"(1, 2, 3, 3, 2, 1, 3, 3, 3, 2, 2, 3)",3
2445,"(1, 3, 1, 1, 3, 2, 2, 3, 3, 2, 2, 3)",2
2446,"(2, 3, 2, 1, 3, 3, 1, 2, 3, 2, 3, 3)",1
2447,"(1, 2, 3, 1, 3, 3, 2, 2, 3, 3, 3, 3)",1
2448,"(1, 2, 2, 1, 3, 3, 3, 3, 3, 2, 2, 3)",1
2449,"(1, 2, 3, 2, 2, 2, 2, 3, 3, 1, 2, 3)",2
2450,"(1, 2, 2, 1, 3, 3, 2, 3, 3, 3, 2, 3)",1
2451,"(1, 2, 2, 2, 2, 1, 2, 3, 3, 1, 2, 3)",4
2452,"(2, 3, 1, 1, 3, 1, 1, 3, 3, 1, 2, 3)",1
2453,"(2, 3, 1, 1, 3, 1, 2, 3, 3, 1, 2, 3)",1
2454,"(1, 2, 3, 3, 2, 1, 2, 2, 3, 2, 2, 3)",1
2455,"(1, 2, 3, 2, 2, 1, 2, 3, 3, 1, 2, 3)",1
2456,"(1, 2, 3, 2, 3, 3, 1, 3, 3, 1, 2, 3)",1
2457,"(1, 2, 3, 1, 3, 3, 3, 3, 3, 3, 2, 3)",3
2458,"(1, 2, 1, 1, 3, 2, 2, 3, 3, 1, 2, 3)",1
2459,"(2, 3, 1, 1, 2, 1, 3, 3, 3, 2, 3, 3)",1
2460,"(1, 3, 1, 1, 3, 2, 1, 3, 3, 1, 2, 3)",1
2461,"(1, 2, 3, 3, 3, 2, 1, 3, 3, 1, 2, 3)",1
2462,"(1, 2, 3, 3, 2, 2, 2, 3, 3, 2, 2, 3)",1
2463,"(1, 2, 3, 2, 2, 2, 2, 3, 3, 2, 2, 3)",1
2464,"(1, 2, 3, 3, 2, 1, 3, 3, 3, 3, 2, 3)",1
2465,"(1, 2, 3, 1, 3, 3, 2, 3, 3, 2, 2, 3)",2
2466,"(1, 2, 3, 3, 2, 2, 2, 3, 3, 1, 3, 3)",1
2467,"(1, 2, 1, 1, 3, 1, 2, 3, 3, 2, 2, 3)",1
2468,"(1, 2, 3, 2, 2, 1, 2, 3, 3, 2, 2, 3)",1
2469,"(1, 2, 2, 1, 3, 3, 2, 3, 3, 2, 2, 3)",4
2470,"(1, 2, 2, 1, 3, 2, 3, 3, 3, 3, 2, 3)",1
2471,"(1, 2, 1, 1, 2, 1, 3, 2, 3, 3, 3, 3)",1
2472,"(1, 2, 2, 1, 3, 2, 3, 3, 3, 3, 3, 3)",1
2473,"(2, 3, 1, 1, 3, 2, 2, 3, 3, 1, 2, 3)",1
2474,"(1, 2, 3, 2, 2, 3, 2, 3, 3, 1, 2, 3)",1
2475,"(2, 3, 2, 1, 2, 1, 1, 2, 3, 1, 2, 3)",1
2476,"(1, 2, 1, 1, 3, 2, 2, 3, 3, 1, 3, 3)",2
2477,"(1, 2, 3, 1, 3, 3, 3, 3, 3, 2, 2, 3)",1
2478,"(1, 2, 2, 1, 2, 1, 2, 3, 3, 1, 2, 3)",1
2479,"(1, 2, 1, 1, 3, 2, 3, 3, 3, 3, 2, 3)",1
2480,"(1, 2, 2, 2, 2, 1, 3, 3, 3, 3, 3, 3)",1
2481,"(1, 2, 3, 1, 3, 3, 1, 3, 3, 1, 2, 3)",1
2482,"(1, 2, 1, 1, 3, 1, 1, 3, 3, 1, 2, 3)",1
2483,"(1, 2, 2, 2, 2, 1, 2, 3, 3, 2, 2, 3)",1
2484,"(1, 2, 3, 1, 2, 3, 3, 3, 3, 3, 3, 3)",1
2485,"(1, 2, 2, 1, 3, 3, 3, 3, 3, 3, 2, 3)",1
2486,"(1, 2, 2, 1, 3, 2, 2, 3, 3, 2, 2, 3)",1
2487,"(2, 3, 3, 1, 2, 3, 1, 2, 3, 1, 3, 3)",1
2488,"(3, 3, 2, 1, 3, 3, 1, 3, 3, 1, 2, 3)",1
2489,"(2, 3, 1, 1, 3, 1, 2, 3, 3, 2, 2, 3)",1
2490,"(2, 3, 2, 2, 2, 1, 1, 3, 3, 1, 2, 3)",1
2491,"(2, 3, 1, 1, 3, 1, 2, 2, 3, 2, 2, 3)",1
2492,"(2, 3, 1, 1, 3, 2, 2, 3, 3, 2, 2, 3)",1
2493,"(1, 3, 1, 1, 3, 1, 2, 3, 3, 1, 2, 3)",1
2494,"(1, 2, 2, 1, 2, 2, 2, 3, 3, 1, 2, 3)",1
2495,"(1, 2, 2, 1, 3, 3, 2, 3, 3, 1, 2, 3)",2
2496,"(1, 2, 2, 1, 3, 3, 2, 3, 3, 1, 3, 3)",1
2497,"(2, 3, 2, 2, 2, 1, 1, 2, 3, 1, 2, 3)",1
2498,"(2, 3, 1, 1, 3, 1, 1, 2, 3, 1, 2, 3)",1
2499,"(1, 2, 3, 3, 2, 1, 2, 3, 3, 1, 2, 3)",2
2500,"(1, 2, 2, 2, 2, 1, 3, 3, 3, 3, 2, 3)",1
2501,"(1, 2, 3, 3, 2, 1, 3, 3, 3, 2, 2, 3)",1
2502,"(2, 3, 1, 1, 2, 1, 1, 2, 3, 2, 2, 3)",1
2503,"(1, 2, 2, 1, 3, 2, 3, 3, 3, 2, 3, 3)",1
2504,"(1, 2, 2, 2, 2, 1, 2, 3, 3, 1, 2, 3)",1
2505,"(1, 2, 3, 2, 2, 2, 3, 3, 3, 2, 2, 3)",1
2506,"(1, 2, 2, 1, 3, 2, 2, 3, 3, 1, 2, 3)",2
2507,"(1, 2, 2, 1, 2, 2, 2, 2, 3, 2, 2, 3)",1
2508,"(1, 2, 3, 1, 3, 3, 3, 3, 3, 3, 2, 3)",1
2509,"(1, 2, 1, 1, 3, 2, 2, 3, 3, 1, 2, 3)",2
2510,"(1, 2, 1, 1, 2, 1, 3, 3, 3, 2, 2, 3)",1
2511,"(1, 2, 2, 1, 3, 3, 1, 3, 3, 1, 2, 3)",1
2512,"(2, 3, 3, 2, 2, 2, 1, 2, 3, 1, 2, 3)",1
2513,"(1, 2, 3, 2, 2, 2, 2, 2, 3, 3, 3, 3)",1
2514,"(1, 2, 3, 3, 3, 2, 2, 3, 3, 1, 2, 3)",1
2515,"(1, 2, 3, 3, 3, 2, 1, 3, 3, 1, 2, 3)",1
2516,"(1, 2, 1, 1, 3, 1, 2, 3, 3, 1, 2, 3)",1
2517,"(1, 3, 3, 1, 3, 3, 1, 2, 3, 1, 3, 3)",1
2518,"(1, 2, 3, 1, 2, 3, 2, 3, 3, 1, 2, 3)",1
2519,"(1, 2, 1, 1, 2, 1, 3, 3, 3, 3, 2, 3)",1
2520,"(2, 3, 1, 1, 3, 1, 2, 2, 3, 3, 3, 3)",1
2521,"(1, 2, 2, 1, 2, 1, 1, 3, 3, 1, 2, 3)",1
2522,"(1, 2, 3, 3, 2, 1, 3, 3, 3, 3, 2, 3)",3
2523,"(1, 2, 3, 1, 3, 3, 2, 3, 3, 2, 2, 3)",2
2524,"(1, 2, 1, 1, 3, 1, 2, 3, 3, 2, 2, 3)",1
2525,"(1, 2, 1, 2, 3, 2, 2, 3, 3, 1, 2, 3)",1
2526,"(1, 2, 1, 1, 3, 2, 2, 3, 3, 1, 2, 3)",1
2527,"(1, 2, 1, 1, 3, 2, 2, 3, 3, 2, 2, 3)",1
2528,"(2, 3, 1, 1, 3, 2, 1, 3, 3, 1, 3, 3)",1
2529,"(1, 2, 3, 1, 3, 3, 1, 2, 3, 1, 2, 3)",1
2530,"(2, 3, 1, 1, 3, 2, 2, 3, 3, 1, 2, 3)",1
2531,"(2, 3, 2, 1, 2, 1, 1, 2, 3, 1, 2, 3)",1
2532,"(3, 3, 3, 2, 2, 3, 1, 3, 3, 1, 2, 3)",1
2533,"(1, 2, 1, 1, 3, 2, 2, 3, 3, 1, 3, 3)",1
2534,"(1, 2, 3, 1, 3, 3, 3, 3, 3, 2, 2, 3)",1
2535,"(1, 2, 1, 1, 3, 1, 3, 3, 3, 2, 3, 3)",1
2536,"(1, 2, 2, 2, 2, 1, 1, 3, 3, 1, 2, 3)",1
2537,"(2, 3, 2, 1, 3, 3, 1, 2, 3, 1, 2, 3)",1
2538,"(1, 2, 1, 1, 3, 1, 3, 3, 3, 2, 2, 3)",1
2539,"(1, 3, 2, 1, 2, 2, 1, 2, 3, 2, 3, 3)",1
2540,"(1, 2, 3, 2, 2, 1, 1, 2, 3, 1, 2, 3)",1
2541,"(1, 2, 3, 1, 3, 3, 1, 3, 3, 1, 2, 3)",1
2542,"(1, 2, 1, 1, 3, 1, 1, 3, 3, 1, 2, 3)",2
2543,"(1, 2, 2, 2, 2, 1, 2, 3, 3, 2, 2, 3)",2
2544,"(2, 3, 3, 1, 3, 3, 1, 2, 3, 2, 2, 3)",1
2545,"(1, 2, 2, 1, 3, 3, 3, 3, 3, 3, 2, 3)",1
2546,"(2, 2, 1, 2, 2, 1, 3, 3, 3, 2, 2, 3)",1
2547,"(2, 3, 1, 1, 3, 1, 2, 3, 3, 2, 2, 3)",2
2548,"(1, 2, 2, 1, 2, 2, 2, 3, 3, 1, 2, 3)",1
2549,"(2, 3, 2, 2, 2, 1, 1, 2, 3, 1, 2, 3)",2
2550,"(1, 2, 1, 1, 3, 1, 2, 3, 3, 3, 2, 3)",1
2551,"(1, 2, 3, 3, 2, 1, 2, 3, 3, 1, 2, 3)",1
2552,"(1, 2, 2, 2, 2, 1, 3, 3, 3, 2, 3, 3)",1
2553,"(1, 2, 3, 3, 2, 1, 3, 3, 3, 2, 2, 3)",1
2554,"(1, 2, 3, 2, 2, 1, 2, 3, 3, 3, 2, 3)",1
2555,"(1, 2, 3, 2, 2, 2, 2, 3, 3, 2, 2, 3)",1
2556,"(1, 2, 3, 2, 2, 3, 3, 3, 3, 3, 2, 3)",1
2557,"(2, 3, 1, 1, 3, 2, 3, 3, 3, 3, 2, 3)",1
2558,"(1, 2, 3, 3, 3, 3, 1, 3, 3, 1, 2, 3)",1
2559,"(1, 2, 2, 1, 3, 2, 2, 3, 3, 1, 2, 3)",3
2560,"(2, 3, 1, 1, 3, 1, 2, 3, 3, 1, 2, 3)",1
2561,"(2, 3, 2, 1, 3, 3, 1, 2, 3, 1, 3, 3)",1
2562,"(2, 3, 1, 1, 3, 1, 1, 3, 3, 1, 3, 3)",1
2563,"(1, 2, 2, 1, 2, 1, 2, 3, 3, 2, 2, 3)",2
2564,"(1, 2, 3, 2, 3, 3, 2, 3, 3, 1, 2, 3)",1
2565,"(1, 2, 1, 1, 2, 1, 2, 3, 3, 2, 2, 3)",1
2566,"(1, 2, 1, 1, 3, 1, 3, 3, 3, 3, 2, 3)",1
2567,"(1, 2, 3, 3, 2, 1, 2, 3, 3, 2, 2, 3)",2
2568,"(1, 2, 2, 1, 3, 3, 1, 3, 3, 1, 2, 3)",2
2569,"(1, 3, 1, 1, 3, 2, 1, 3, 3, 1, 2, 3)",1
2570,"(3, 3, 1, 2, 2, 1, 1, 3, 3, 1, 2, 3)",1
2571,"(1, 2, 2, 1, 3, 3, 3, 3, 3, 2, 2, 3)",1
2572,"(1, 2, 2, 1, 2, 1, 3, 3, 3, 2, 2, 3)",1
2573,"(2, 3, 3, 3, 2, 1, 1, 2, 3, 1, 2, 3)",1
2574,"(1, 2, 2, 1, 2, 1, 2, 3, 3, 1, 3, 3)",1
2575,"(1, 2, 3, 3, 2, 1, 3, 3, 3, 3, 2, 3)",1
2576,"(1, 2, 3, 1, 3, 3, 2, 3, 3, 2, 2, 3)",1
2577,"(1, 2, 3, 3, 2, 1, 2, 3, 3, 2, 2, 3)",2
2578,"(1, 2, 3, 1, 3, 3, 2, 2, 3, 2, 2, 3)",1
2579,"(1, 2, 3, 3, 2, 2, 1, 3, 3, 1, 2, 3)",1
2580,"(1, 2, 2, 1, 3, 3, 1, 3, 3, 1, 3, 3)",1
2581,"(1, 3, 1, 1, 3, 1, 2, 3, 3, 2, 2, 3)",1
2582,"(1, 2, 1, 1, 3, 2, 2, 3, 3, 2, 2, 3)",1
2583,"(1, 2, 3, 2, 2, 2, 2, 3, 3, 1, 2, 3)",1
2584,"(1, 2, 2, 1, 3, 3, 2, 3, 3, 2, 2, 3)",1
2585,"(1, 2, 1, 1, 3, 2, 1, 3, 3, 1, 2, 3)",2
2586,"(2, 3, 1, 1, 3, 2, 2, 3, 3, 1, 2, 3)",3
2587,"(1, 2, 3, 1, 3, 3, 1, 2, 3, 1, 2, 3)",1
2588,"(2, 3, 1, 1, 3, 1, 3, 3, 3, 3, 2, 3)",1
2589,"(2, 3, 1, 1, 3, 2, 3, 3, 3, 2, 2, 3)",1
2590,"(2, 3, 2, 1, 3, 3, 1, 3, 3, 1, 2, 3)",1
2591,"(1, 2, 3, 1, 2, 3, 2, 3, 3, 2, 2, 3)",3
2592,"(1, 2, 2, 1, 3, 3, 1, 3, 3, 1, 2, 3)",2
2593,"(1, 2, 3, 1, 3, 3, 3, 3, 3, 2, 2, 3)",1
2594,"(1, 2, 2, 1, 2, 1, 2, 3, 3, 1, 2, 3)",1
2595,"(2, 3, 2, 1, 3, 3, 1, 2, 3, 1, 2, 3)",1
2596,"(2, 3, 1, 1, 2, 1, 3, 3, 3, 3, 2, 3)",1
2597,"(1, 2, 1, 1, 3, 1, 2, 3, 3, 1, 3, 3)",1
2598,"(1, 2, 3, 2, 2, 3, 2, 3, 3, 3, 2, 3)",1
2599,"(1, 2, 1, 1, 3, 1, 1, 3, 3, 1, 2, 3)",1
2600,"(1, 2, 1, 1, 3, 1, 2, 3, 3, 1, 2, 3)",3
2601,"(1, 2, 3, 2, 2, 2, 2, 2, 3, 3, 3, 3)",1
2602,"(1, 2, 2, 2, 3, 2, 2, 3, 3, 1, 2, 3)",1
2603,"(2, 3, 2, 2, 2, 1, 1, 2, 3, 1, 3, 3)",1
2604,"(1, 2, 2, 1, 2, 2, 1, 3, 3, 1, 2, 3)",1
2605,"(1, 2, 2, 1, 3, 3, 2, 3, 3, 1, 2, 3)",1
2606,"(2, 3, 3, 1, 3, 3, 1, 2, 3, 1, 2, 3)",1
2607,"(1, 2, 3, 3, 2, 1, 2, 3, 3, 1, 2, 3)",1
2608,"(1, 2, 3, 1, 3, 3, 1, 2, 3, 2, 3, 3)",1
2609,"(1, 2, 3, 3, 2, 1, 3, 3, 3, 2, 2, 3)",1
2610,"(1, 2, 2, 1, 3, 2, 3, 3, 3, 2, 2, 3)",1
2611,"(1, 2, 3, 2, 2, 2, 2, 3, 3, 2, 2, 3)",1
2612,"(1, 3, 1, 1, 3, 1, 2, 3, 3, 3, 2, 3)",1
2613,"(2, 3, 1, 1, 3, 2, 3, 3, 3, 3, 2, 3)",2
2614,"(2, 3, 1, 1, 3, 1, 2, 3, 3, 1, 3, 3)",1
2615,"(2, 3, 1, 1, 3, 2, 3, 2, 3, 3, 2, 3)",1
2616,"(1, 2, 1, 1, 3, 2, 2, 3, 3, 1, 2, 3)",1
2617,"(2, 3, 1, 1, 2, 1, 1, 3, 3, 1, 2, 3)",1
2618,"(1, 2, 1, 1, 3, 1, 3, 3, 3, 3, 3, 3)",1
2619,"(2, 3, 3, 2, 2, 2, 1, 2, 3, 1, 2, 3)",1
2620,"(1, 2, 3, 2, 2, 1, 2, 3, 3, 2, 2, 3)",1
2621,"(1, 2, 3, 2, 2, 2, 3, 3, 3, 3, 2, 3)",1
2622,"(2, 3, 3, 3, 2, 1, 1, 3, 3, 1, 2, 3)",1
2623,"(1, 2, 3, 1, 3, 3, 2, 2, 3, 3, 3, 3)",1
2624,"(1, 2, 3, 2, 2, 1, 3, 3, 3, 3, 2, 3)",1
2625,"(1, 2, 3, 2, 2, 3, 3, 3, 3, 3, 2, 3)",1
2626,"(2, 3, 3, 3, 2, 1, 1, 2, 3, 1, 2, 3)",1
2627,"(1, 2, 3, 3, 2, 2, 3, 3, 3, 2, 2, 3)",1
2628,"(2, 3, 3, 1, 3, 3, 1, 2, 3, 1, 3, 3)",1
2629,"(1, 2, 2, 1, 3, 3, 1, 2, 3, 1, 3, 3)",1
2630,"(1, 2, 3, 1, 3, 3, 3, 3, 3, 3, 3, 3)",1
2631,"(2, 3, 1, 1, 3, 1, 2, 2, 3, 3, 3, 3)",1
2632,"(2, 3, 1, 1, 3, 2, 1, 3, 3, 1, 3, 3)",1
2633,"(1, 2, 3, 2, 2, 2, 2, 2, 3, 3, 2, 3)",1
2634,"(1, 2, 1, 1, 3, 1, 2, 3, 3, 2, 2, 3)",1
2635,"(1, 2, 2, 2, 2, 1, 1, 3, 3, 1, 2, 3)",1
2636,"(1, 2, 2, 2, 2, 1, 3, 3, 3, 2, 3, 3)",1
2637,"(1, 2, 1, 1, 2, 1, 3, 3, 3, 2, 2, 3)",1
2638,"(1, 2, 2, 1, 3, 3, 2, 3, 3, 2, 2, 3)",1
2639,"(2, 3, 1, 1, 2, 1, 1, 3, 3, 1, 2, 3)",2
2640,"(1, 2, 2, 1, 2, 1, 3, 3, 3, 3, 2, 3)",1
2641,"(2, 3, 1, 1, 3, 2, 2, 3, 3, 1, 2, 3)",1
2642,"(2, 3, 1, 1, 3, 1, 3, 3, 3, 3, 2, 3)",1
2643,"(2, 3, 1, 1, 3, 2, 1, 3, 3, 1, 2, 3)",2
2644,"(3, 3, 1, 1, 2, 1, 3, 2, 3, 3, 2, 3)",1
2645,"(2, 3, 1, 1, 3, 2, 3, 3, 3, 2, 3, 3)",1
2646,"(1, 3, 1, 1, 3, 2, 2, 3, 3, 1, 2, 3)",2
2647,"(1, 2, 3, 2, 2, 2, 3, 3, 3, 3, 3, 3)",1
2648,"(2, 3, 3, 2, 2, 3, 1, 2, 3, 1, 2, 3)",1
2649,"(2, 3, 2, 1, 3, 3, 1, 2, 3, 1, 2, 3)",2
2650,"(1, 2, 1, 1, 3, 1, 2, 3, 3, 1, 2, 3)",1
2651,"(1, 2, 2, 1, 3, 3, 3, 3, 3, 3, 2, 3)",1
2652,"(1, 2, 2, 1, 3, 2, 2, 3, 3, 2, 2, 3)",1
2653,"(1, 3, 3, 3, 2, 1, 1, 2, 3, 1, 2, 3)",1
2654,"(1, 2, 3, 2, 2, 2, 3, 3, 3, 2, 2, 3)",1
2655,"(2, 3, 3, 1, 2, 3, 1, 2, 3, 2, 2, 3)",1
2656,"(1, 3, 1, 1, 3, 1, 2, 3, 3, 1, 2, 3)",1
2657,"(3, 3, 1, 1, 3, 2, 1, 3, 3, 1, 2, 3)",1
2658,"(1, 2, 2, 1, 2, 2, 1, 3, 3, 1, 2, 3)",1
2659,"(1, 2, 2, 1, 3, 3, 2, 3, 3, 1, 2, 3)",3
2660,"(2, 3, 3, 3, 2, 1, 1, 3, 3, 1, 2, 3)",1
2661,"(1, 2, 1, 1, 3, 1, 2, 3, 3, 3, 2, 3)",1
2662,"(1, 2, 3, 3, 2, 1, 2, 3, 3, 1, 3, 3)",1
2663,"(1, 2, 2, 1, 2, 2, 1, 2, 3, 1, 2, 3)",1
2664,"(1, 2, 3, 2, 2, 2, 2, 3, 3, 1, 2, 3)",1
2665,"(1, 2, 3, 1, 3, 3, 3, 3, 3, 1, 3, 3)",1
2666,"(1, 2, 3, 1, 2, 3, 2, 3, 3, 1, 2, 3)",1
2667,"(1, 2, 2, 1, 3, 2, 2, 3, 3, 1, 2, 3)",2
2668,"(2, 3, 1, 1, 3, 1, 2, 3, 3, 1, 3, 3)",1
2669,"(1, 2, 2, 1, 2, 2, 2, 3, 3, 1, 2, 3)",1
2670,"(1, 2, 3, 3, 2, 1, 2, 2, 3, 2, 3, 3)",1
2671,"(2, 3, 2, 2, 2, 2, 1, 2, 3, 1, 2, 3)",1
2672,"(1, 2, 3, 1, 3, 3, 3, 3, 3, 3, 2, 3)",1
2673,"(1, 3, 1, 1, 3, 1, 1, 3, 3, 1, 2, 3)",1
2674,"(1, 3, 2, 1, 3, 2, 1, 2, 3, 2, 2, 3)",1
2675,"(2, 3, 1, 1, 2, 1, 3, 3, 3, 2, 2, 3)",1
2676,"(1, 2, 3, 3, 2, 1, 2, 3, 3, 2, 2, 3)",2
2677,"(1, 2, 3, 2, 2, 2, 3, 3, 3, 3, 2, 3)",1
2678,"(1, 2, 1, 1, 3, 2, 1, 3, 3, 1, 2, 3)",1
2679,"(1, 2, 3, 3, 3, 2, 1, 3, 3, 1, 2, 3)",1
2680,"(1, 2, 2, 1, 3, 3, 3, 3, 3, 2, 2, 3)",2
2681,"(2, 3, 3, 1, 2, 2, 1, 2, 3, 1, 2, 3)",1
2682,"(1, 3, 1, 1, 3, 2, 1, 2, 3, 2, 2, 3)",1
2683,"(1, 2, 3, 3, 2, 1, 3, 3, 3, 3, 2, 3)",3
2684,"(1, 2, 1, 1, 3, 2, 2, 2, 3, 2, 3, 3)",1
2685,"(1, 2, 1, 1, 3, 1, 2, 3, 3, 2, 2, 3)",1
2686,"(1, 2, 2, 2, 2, 1, 3, 3, 3, 2, 2, 3)",1
2687,"(1, 2, 2, 1, 3, 3, 2, 3, 3, 2, 2, 3)",2
2688,"(2, 3, 1, 1, 3, 2, 3, 2, 3, 3, 3, 3)",1
2689,"(2, 3, 1, 1, 3, 2, 2, 3, 3, 1, 2, 3)",3
2690,"(1, 2, 2, 1, 3, 3, 3, 2, 3, 3, 3, 3)",1
2691,"(2, 3, 2, 1, 2, 1, 1, 2, 3, 1, 2, 3)",1
2692,"(1, 2, 3, 1, 3, 3, 3, 3, 3, 2, 2, 3)",1
2693,"(1, 2, 3, 2, 2, 2, 2, 3, 3, 1, 3, 3)",1
2694,"(2, 3, 3, 2, 2, 2, 1, 2, 3, 1, 2, 3)",1
2695,"(1, 2, 3, 1, 3, 3, 2, 3, 3, 1, 2, 3)",2
2696,"(1, 3, 1, 1, 3, 1, 3, 3, 3, 3, 2, 3)",2
2697,"(1, 2, 2, 1, 3, 3, 3, 3, 3, 3, 3, 3)",1
2698,"(2, 3, 3, 1, 3, 3, 1, 2, 3, 1, 2, 3)",1
2699,"(1, 2, 3, 1, 2, 3, 3, 3, 3, 3, 2, 3)",1
2700,"(1, 2, 3, 3, 3, 1, 2, 3, 3, 1, 2, 3)",1
2701,"(3, 3, 3, 1, 2, 3, 1, 3, 3, 1, 2, 3)",1
2702,"(1, 2, 2, 1, 2, 1, 3, 3, 3, 3, 2, 3)",1
2703,"(1, 3, 1, 1, 3, 2, 1, 2, 3, 2, 3, 3)",1
2704,"(2, 3, 1, 1, 3, 1, 1, 2, 3, 1, 3, 3)",1
2705,"(1, 2, 2, 2, 2, 1, 3, 3, 3, 3, 3, 3)",3
2706,"(1, 2, 3, 3, 2, 1, 2, 3, 3, 1, 2, 3)",1
2707,"(1, 2, 2, 2, 2, 1, 3, 3, 3, 3, 2, 3)",1
2708,"(1, 2, 3, 3, 2, 1, 3, 3, 3, 2, 2, 3)",1
2709,"(1, 2, 3, 3, 2, 1, 3, 3, 3, 2, 3, 3)",2
2710,"(1, 3, 1, 1, 3, 2, 2, 3, 3, 2, 2, 3)",1
2711,"(1, 2, 3, 1, 3, 3, 2, 2, 3, 3, 2, 3)",1
2712,"(2, 2, 2, 2, 2, 1, 3, 3, 3, 2, 2, 3)",1
2713,"(2, 3, 2, 1, 3, 3, 1, 2, 3, 2, 2, 3)",1
2714,"(1, 2, 1, 1, 2, 1, 1, 2, 3, 1, 2, 3)",1
2715,"(2, 3, 1, 1, 3, 1, 2, 3, 3, 1, 2, 3)",1
2716,"(1, 2, 2, 1, 3, 1, 2, 3, 3, 1, 2, 3)",1
2717,"(1, 3, 1, 1, 3, 1, 1, 3, 3, 1, 3, 3)",1
2718,"(1, 2, 1, 1, 3, 1, 3, 3, 3, 3, 2, 3)",1
2719,"(2, 3, 1, 1, 2, 1, 1, 3, 3, 1, 2, 3)",2
2720,"(1, 2, 1, 1, 3, 2, 3, 3, 3, 2, 2, 3)",1
2721,"(1, 2, 3, 3, 2, 1, 2, 3, 3, 2, 2, 3)",3
2722,"(1, 2, 3, 2, 2, 2, 3, 3, 3, 3, 2, 3)",1
2723,"(3, 3, 1, 2, 2, 1, 1, 3, 3, 1, 2, 3)",1
2724,"(1, 2, 3, 1, 3, 3, 3, 3, 3, 3, 2, 3)",2
2725,"(1, 2, 1, 1, 3, 2, 1, 2, 3, 1, 2, 3)",1
2726,"(1, 2, 3, 3, 3, 2, 1, 3, 3, 1, 2, 3)",1
2727,"(1, 2, 2, 1, 2, 2, 3, 3, 3, 3, 2, 3)",1
2728,"(1, 2, 2, 1, 3, 2, 3, 3, 3, 3, 2, 3)",1
2729,"(2, 3, 3, 3, 2, 1, 1, 2, 3, 1, 2, 3)",1
2730,"(1, 2, 2, 1, 2, 1, 1, 3, 3, 1, 2, 3)",1
2731,"(1, 2, 3, 3, 2, 1, 3, 3, 3, 3, 2, 3)",2
2732,"(1, 2, 3, 1, 3, 3, 2, 3, 3, 2, 2, 3)",1
2733,"(1, 2, 1, 1, 3, 1, 2, 3, 3, 2, 2, 3)",1
2734,"(1, 3, 1, 1, 3, 1, 2, 3, 3, 2, 2, 3)",2
2735,"(2, 3, 3, 2, 2, 2, 1, 2, 3, 2, 3, 3)",1
2736,"(1, 2, 2, 1, 3, 3, 2, 3, 3, 2, 2, 3)",1
2737,"(1, 2, 1, 2, 2, 1, 2, 3, 3, 2, 2, 3)",1
2738,"(1, 2, 2, 1, 3, 3, 2, 3, 3, 3, 2, 3)",1
2739,"(2, 3, 1, 1, 3, 1, 3, 3, 3, 3, 2, 3)",1
2740,"(2, 3, 1, 1, 3, 2, 2, 3, 3, 1, 3, 3)",1
2741,"(1, 2, 3, 3, 3, 2, 2, 3, 3, 1, 2, 3)",2
2742,"(2, 3, 3, 2, 2, 3, 1, 2, 3, 1, 2, 3)",1
2743,"(1, 2, 1, 1, 2, 1, 3, 3, 3, 3, 3, 3)",1
2744,"(1, 2, 1, 1, 3, 2, 3, 3, 3, 3, 2, 3)",1
2745,"(2, 3, 2, 2, 2, 1, 1, 2, 3, 1, 2, 3)",1
2746,"(1, 2, 3, 1, 3, 3, 1, 3, 3, 1, 2, 3)",1
2747,"(1, 2, 1, 1, 3, 1, 2, 3, 3, 1, 3, 3)",1
2748,"(1, 3, 1, 1, 3, 1, 3, 3, 3, 3, 2, 3)",1
2749,"(1, 2, 1, 1, 3, 1, 1, 3, 3, 1, 2, 3)",2
2750,"(1, 2, 1, 1, 3, 1, 2, 3, 3, 1, 2, 3)",1
2751,"(1, 2, 2, 1, 3, 3, 3, 3, 3, 3, 2, 3)",1
2752,"(1, 3, 1, 1, 3, 2, 3, 3, 3, 3, 2, 3)",2
2753,"(2, 3, 1, 1, 3, 1, 2, 3, 3, 2, 2, 3)",2
2754,"(2, 3, 1, 1, 3, 2, 2, 3, 3, 2, 2, 3)",2
2755,"(1, 3, 1, 1, 3, 1, 3, 3, 3, 2, 2, 3)",1
2756,"(1, 2, 2, 1, 2, 2, 1, 3, 3, 1, 2, 3)",1
2757,"(1, 2, 2, 1, 3, 3, 2, 3, 3, 1, 2, 3)",2
2758,"(1, 2, 2, 1, 2, 2, 3, 3, 3, 2, 3, 3)",1
2759,"(1, 2, 3, 1, 3, 3, 1, 2, 3, 2, 2, 3)",1
2760,"(1, 2, 2, 2, 3, 3, 2, 3, 3, 1, 2, 3)",1
2761,"(1, 2, 3, 3, 2, 1, 2, 3, 3, 1, 2, 3)",2
2762,"(1, 2, 2, 2, 2, 1, 3, 3, 3, 3, 2, 3)",1
2763,"(1, 3, 1, 1, 3, 2, 2, 3, 3, 2, 2, 3)",1
2764,"(2, 3, 1, 1, 3, 2, 3, 3, 3, 3, 3, 3)",2
2765,"(1, 2, 3, 1, 3, 3, 3, 3, 3, 1, 3, 3)",1
2766,"(1, 2, 3, 2, 2, 2, 3, 3, 3, 2, 2, 3)",1
2767,"(1, 2, 2, 1, 3, 2, 1, 3, 3, 1, 2, 3)",1
2768,"(1, 2, 2, 1, 3, 2, 2, 3, 3, 1, 2, 3)",1
2769,"(2, 2, 3, 3, 2, 1, 3, 3, 3, 3, 2, 3)",1
2770,"(2, 3, 1, 1, 3, 1, 1, 3, 3, 1, 2, 3)",2
2771,"(2, 3, 1, 1, 3, 1, 2, 3, 3, 1, 2, 3)",2
2772,"(2, 3, 1, 1, 3, 2, 2, 3, 3, 1, 2, 3)",1
2773,"(2, 3, 2, 1, 2, 2, 1, 2, 3, 1, 2, 3)",1
2774,"(1, 2, 3, 2, 2, 1, 2, 3, 3, 1, 2, 3)",1
2775,"(1, 2, 3, 2, 3, 3, 2, 3, 3, 1, 2, 3)",1
2776,"(1, 2, 2, 1, 2, 2, 2, 3, 3, 2, 2, 3)",1
2777,"(1, 2, 3, 1, 3, 3, 3, 3, 3, 3, 2, 3)",3
2778,"(2, 3, 1, 1, 2, 1, 3, 3, 3, 2, 2, 3)",1
2779,"(1, 3, 1, 1, 3, 2, 3, 3, 3, 2, 2, 3)",1
2780,"(2, 3, 1, 1, 3, 2, 1, 3, 3, 2, 2, 3)",1
2781,"(1, 2, 2, 2, 2, 1, 2, 3, 3, 2, 2, 3)",2
2782,"(1, 2, 3, 2, 2, 1, 3, 3, 3, 3, 2, 3)",1
2783,"(2, 3, 3, 3, 2, 1, 1, 2, 3, 1, 2, 3)",2
2784,"(1, 2, 2, 1, 2, 2, 2, 3, 3, 1, 3, 3)",1
2785,"(1, 2, 2, 1, 2, 1, 1, 3, 3, 1, 2, 3)",2
2786,"(1, 2, 3, 3, 2, 1, 3, 3, 3, 3, 2, 3)",2
2787,"(1, 2, 3, 1, 3, 3, 2, 3, 3, 2, 2, 3)",1
2788,"(1, 2, 2, 3, 2, 1, 2, 3, 3, 2, 2, 3)",1
2789,"(1, 2, 1, 1, 3, 1, 2, 3, 3, 2, 2, 3)",1
2790,"(1, 2, 1, 1, 3, 2, 2, 3, 3, 2, 2, 3)",1
2791,"(1, 2, 2, 1, 3, 3, 2, 3, 3, 2, 2, 3)",1
2792,"(1, 2, 3, 3, 2, 1, 2, 3, 3, 2, 2, 3)",1
2793,"(1, 2, 2, 1, 3, 3, 2, 3, 3, 3, 2, 3)",1
2794,"(2, 3, 2, 2, 2, 1, 1, 2, 3, 2, 2, 3)",1
2795,"(2, 3, 1, 1, 3, 2, 2, 3, 3, 1, 2, 3)",3
2796,"(2, 3, 1, 1, 3, 2, 1, 3, 3, 1, 2, 3)",2
2797,"(2, 3, 1, 1, 3, 2, 3, 3, 3, 2, 2, 3)",1
2798,"(1, 2, 3, 2, 2, 3, 2, 3, 3, 1, 2, 3)",1
2799,"(1, 2, 3, 1, 2, 3, 2, 3, 3, 2, 2, 3)",1
2800,"(1, 2, 2, 1, 3, 3, 1, 3, 3, 2, 2, 3)",1
2801,"(1, 2, 1, 1, 3, 1, 3, 3, 3, 2, 3, 3)",1
2802,"(1, 2, 1, 1, 3, 1, 3, 3, 3, 2, 2, 3)",1
2803,"(2, 3, 3, 3, 2, 1, 1, 2, 3, 1, 3, 3)",2
2804,"(1, 2, 3, 1, 3, 3, 2, 3, 3, 1, 2, 3)",2
2805,"(1, 2, 3, 2, 2, 2, 1, 3, 3, 1, 2, 3)",1
2806,"(2, 3, 2, 1, 3, 3, 1, 2, 3, 1, 2, 3)",1
2807,"(1, 2, 1, 1, 3, 1, 2, 3, 3, 1, 2, 3)",1
2808,"(1, 2, 3, 1, 2, 3, 3, 3, 3, 3, 2, 3)",2
2809,"(1, 2, 3, 2, 2, 2, 3, 3, 3, 2, 2, 3)",1
2810,"(2, 3, 2, 2, 2, 1, 1, 3, 3, 1, 2, 3)",1
2811,"(2, 3, 1, 1, 3, 2, 2, 3, 3, 2, 2, 3)",2
2812,"(1, 3, 3, 1, 3, 3, 1, 2, 3, 1, 2, 3)",1
2813,"(1, 2, 2, 1, 3, 3, 2, 3, 3, 1, 2, 3)",1
2814,"(2, 2, 3, 3, 2, 1, 2, 3, 3, 1, 2, 3)",1
2815,"(2, 3, 2, 2, 2, 1, 1, 2, 3, 1, 2, 3)",1
2816,"(1, 2, 2, 2, 2, 1, 3, 3, 3, 3, 2, 3)",1
2817,"(1, 3, 1, 1, 3, 2, 2, 3, 3, 2, 2, 3)",1
2818,"(1, 3, 3, 1, 3, 3, 1, 2, 3, 1, 3, 3)",1
2819,"(2, 3, 1, 1, 3, 1, 3, 3, 3, 2, 2, 3)",2
2820,"(1, 2, 3, 3, 3, 3, 1, 3, 3, 1, 2, 3)",1
2821,"(1, 2, 3, 1, 3, 3, 3, 2, 3, 3, 3, 3)",1
2822,"(2, 3, 1, 1, 3, 1, 3, 3, 3, 3, 2, 3)",2
2823,"(2, 3, 1, 1, 3, 1, 2, 3, 3, 1, 2, 3)",1
2824,"(1, 2, 3, 2, 3, 3, 2, 3, 3, 1, 2, 3)",1
2825,"(2, 2, 2, 2, 2, 1, 3, 3, 3, 3, 2, 3)",1
2826,"(3, 3, 3, 3, 2, 1, 1, 3, 3, 1, 2, 3)",1
2827,"(1, 2, 2, 1, 2, 2, 2, 3, 3, 2, 2, 3)",1
2828,"(1, 2, 1, 1, 3, 2, 2, 3, 3, 1, 2, 3)",2
2829,"(1, 2, 1, 1, 3, 2, 1, 3, 3, 1, 2, 3)",1
2830,"(1, 2, 2, 1, 3, 3, 1, 3, 3, 1, 2, 3)",1
2831,"(1, 2, 2, 1, 2, 2, 3, 3, 3, 3, 2, 3)",1
2832,"(1, 2, 3, 2, 2, 3, 2, 2, 3, 2, 2, 3)",1
2833,"(2, 3, 1, 1, 2, 1, 1, 2, 3, 1, 2, 3)",1
2834,"(1, 2, 1, 1, 2, 1, 2, 3, 3, 2, 2, 3)",1
2835,"(1, 2, 1, 1, 2, 1, 3, 3, 3, 3, 2, 3)",1
2836,"(1, 2, 3, 2, 2, 2, 2, 3, 3, 1, 2, 3)",1
2837,"(1, 2, 3, 3, 2, 1, 3, 3, 3, 3, 2, 3)",4
2838,"(1, 3, 2, 1, 3, 3, 1, 2, 3, 1, 2, 3)",1
2839,"(1, 2, 3, 1, 3, 3, 2, 3, 3, 2, 2, 3)",1
2840,"(3, 3, 3, 1, 3, 3, 1, 3, 3, 1, 2, 3)",1
2841,"(1, 2, 3, 1, 3, 3, 2, 3, 3, 2, 3, 3)",1
2842,"(1, 3, 1, 1, 3, 1, 2, 3, 3, 2, 2, 3)",1
2843,"(2, 3, 3, 3, 2, 1, 1, 2, 3, 1, 2, 3)",1
2844,"(2, 2, 3, 3, 2, 1, 3, 3, 3, 2, 2, 3)",1
2845,"(2, 3, 1, 1, 3, 2, 1, 3, 3, 1, 2, 3)",2
2846,"(2, 3, 1, 1, 3, 2, 3, 3, 3, 2, 2, 3)",1
2847,"(2, 3, 2, 1, 2, 1, 1, 2, 3, 1, 2, 3)",1
2848,"(3, 3, 1, 2, 2, 1, 2, 3, 3, 2, 2, 3)",1
2849,"(3, 3, 3, 2, 2, 3, 1, 3, 3, 1, 2, 3)",1
2850,"(2, 2, 1, 1, 3, 2, 1, 3, 3, 1, 2, 3)",1
2851,"(1, 3, 1, 1, 3, 1, 3, 3, 3, 3, 2, 3)",2
2852,"(2, 3, 3, 3, 2, 1, 1, 2, 3, 1, 3, 3)",1
2853,"(1, 2, 3, 1, 3, 3, 3, 3, 3, 2, 2, 3)",1
2854,"(1, 2, 2, 1, 2, 1, 2, 3, 3, 1, 2, 3)",2
2855,"(2, 3, 3, 1, 2, 3, 1, 3, 3, 1, 2, 3)",1
2856,"(1, 2, 2, 1, 3, 3, 1, 2, 3, 2, 3, 3)",1
2857,"(2, 3, 1, 1, 3, 2, 2, 3, 3, 1, 3, 3)",1
2858,"(1, 2, 1, 1, 3, 2, 3, 3, 3, 3, 2, 3)",2
2859,"(1, 2, 2, 2, 2, 1, 2, 3, 3, 2, 2, 3)",1
2860,"(1, 2, 3, 1, 3, 3, 2, 3, 3, 1, 2, 3)",3
2861,"(1, 2, 3, 1, 3, 3, 1, 3, 3, 1, 3, 3)",2
2862,"(2, 3, 2, 1, 3, 3, 1, 2, 3, 1, 2, 3)",1
2863,"(1, 2, 1, 1, 3, 1, 2, 3, 3, 1, 2, 3)",2
2864,"(1, 3, 1, 1, 3, 2, 3, 3, 3, 3, 2, 3)",1
2865,"(1, 2, 3, 2, 2, 2, 3, 3, 3, 2, 2, 3)",1
2866,"(1, 2, 2, 2, 3, 2, 1, 3, 3, 1, 2, 3)",1
2867,"(2, 3, 1, 1, 3, 1, 2, 3, 3, 2, 3, 3)",1
2868,"(1, 3, 3, 1, 3, 3, 1, 2, 3, 1, 2, 3)",1
2869,"(2, 2, 3, 3, 2, 1, 2, 3, 3, 1, 2, 3)",1
2870,"(2, 3, 3, 3, 2, 2, 1, 2, 3, 1, 3, 3)",1
2871,"(1, 2, 2, 1, 3, 3, 2, 2, 3, 3, 3, 3)",1
2872,"(1, 2, 2, 2, 2, 1, 3, 3, 3, 3, 2, 3)",1
2873,"(1, 2, 2, 2, 3, 1, 2, 3, 3, 1, 2, 3)",1
2874,"(1, 2, 1, 1, 3, 1, 1, 2, 3, 2, 3, 3)",1
2875,"(1, 2, 3, 1, 3, 3, 2, 2, 3, 3, 2, 3)",1
2876,"(2, 3, 1, 1, 3, 2, 3, 3, 3, 3, 2, 3)",1
2877,"(1, 2, 3, 3, 2, 1, 1, 2, 3, 1, 2, 3)",1
2878,"(2, 3, 1, 1, 3, 1, 2, 3, 3, 1, 3, 3)",1
2879,"(2, 3, 1, 1, 3, 1, 1, 3, 3, 1, 2, 3)",1
2880,"(2, 3, 1, 1, 3, 1, 2, 3, 3, 1, 2, 3)",1
2881,"(1, 2, 2, 1, 2, 1, 2, 3, 3, 2, 3, 3)",1
2882,"(2, 3, 1, 1, 3, 1, 3, 3, 3, 2, 3, 3)",1
2883,"(1, 2, 3, 3, 2, 1, 2, 3, 3, 2, 2, 3)",3
2884,"(1, 2, 2, 1, 3, 3, 1, 3, 3, 1, 2, 3)",1
2885,"(1, 3, 1, 1, 3, 2, 1, 3, 3, 1, 2, 3)",1
2886,"(1, 2, 3, 2, 2, 2, 3, 3, 3, 3, 2, 3)",1
2887,"(2, 3, 1, 1, 3, 2, 1, 3, 3, 2, 2, 3)",1
2888,"(1, 2, 3, 1, 2, 3, 3, 3, 3, 2, 2, 3)",1
2889,"(1, 2, 1, 1, 2, 1, 3, 3, 3, 3, 2, 3)",1
2890,"(1, 3, 2, 1, 3, 3, 1, 2, 3, 1, 3, 3)",1
2891,"(1, 2, 3, 3, 2, 1, 3, 3, 3, 3, 2, 3)",3
2892,"(1, 3, 2, 1, 3, 3, 1, 2, 3, 1, 2, 3)",1
2893,"(1, 2, 3, 1, 3, 3, 2, 3, 3, 2, 3, 3)",1
2894,"(1, 2, 1, 1, 3, 1, 2, 3, 3, 2, 2, 3)",1
2895,"(1, 2, 2, 2, 2, 1, 3, 3, 3, 2, 2, 3)",1
2896,"(1, 2, 1, 1, 3, 2, 2, 3, 3, 2, 2, 3)",1
2897,"(1, 2, 1, 1, 2, 1, 3, 3, 3, 2, 2, 3)",2
2898,"(1, 2, 2, 1, 3, 1, 2, 3, 3, 1, 2, 3)",1
2899,"(2, 2, 3, 3, 2, 1, 3, 3, 3, 2, 2, 3)",2
2900,"(1, 2, 3, 1, 3, 3, 3, 2, 3, 3, 3, 3)",1
2901,"(2, 3, 2, 2, 2, 1, 1, 2, 3, 2, 2, 3)",1
2902,"(2, 2, 3, 3, 2, 1, 2, 3, 3, 1, 2, 3)",1
2903,"(2, 3, 1, 1, 3, 2, 1, 3, 3, 1, 2, 3)",2
2904,"(2, 3, 1, 1, 3, 2, 3, 3, 3, 2, 2, 3)",1
2905,"(1, 3, 1, 1, 3, 2, 2, 3, 3, 1, 3, 3)",1
2906,"(2, 3, 2, 1, 3, 2, 1, 2, 3, 1, 2, 3)",1
2907,"(1, 2, 2, 1, 2, 1, 2, 3, 3, 1, 2, 3)",2
2908,"(1, 2, 3, 1, 3, 3, 2, 3, 3, 1, 3, 3)",2
2909,"(2, 3, 2, 1, 3, 3, 1, 2, 3, 1, 2, 3)",1
2910,"(1, 2, 1, 1, 3, 1, 2, 3, 3, 1, 2, 3)",2
2911,"(1, 2, 2, 1, 3, 3, 3, 3, 3, 3, 2, 3)",3
2912,"(1, 2, 3, 1, 2, 3, 3, 3, 3, 3, 2, 3)",1
2913,"(2, 3, 1, 1, 3, 2, 2, 3, 3, 2, 3, 3)",1
2914,"(2, 3, 1, 1, 3, 2, 2, 3, 3, 2, 2, 3)",1
2915,"(1, 3, 1, 1, 3, 1, 2, 3, 3, 1, 2, 3)",2
2916,"(3, 3, 1, 1, 3, 2, 1, 3, 3, 1, 2, 3)",1
2917,"(1, 2, 1, 1, 2, 1, 1, 3, 3, 1, 2, 3)",1
2918,"(1, 2, 2, 1, 3, 3, 2, 3, 3, 1, 2, 3)",1
2919,"(1, 3, 1, 1, 3, 2, 1, 2, 3, 2, 3, 3)",1
2920,"(1, 2, 2, 2, 2, 1, 3, 3, 3, 3, 3, 3)",1
2921,"(1, 2, 3, 3, 2, 1, 2, 3, 3, 1, 2, 3)",3
2922,"(1, 2, 2, 2, 2, 1, 2, 3, 3, 1, 2, 3)",1
2923,"(2, 3, 1, 1, 3, 1, 3, 3, 3, 2, 2, 3)",1
2924,"(1, 2, 3, 3, 3, 3, 1, 3, 3, 1, 2, 3)",1
2925,"(1, 2, 2, 1, 3, 2, 1, 3, 3, 1, 2, 3)",2
2926,"(1, 2, 2, 1, 3, 2, 2, 3, 3, 1, 2, 3)",2
2927,"(1, 2, 2, 1, 3, 2, 1, 3, 3, 1, 3, 3)",1
2928,"(2, 3, 1, 1, 3, 1, 2, 3, 3, 1, 2, 3)",2
2929,"(1, 2, 3, 2, 2, 1, 2, 3, 3, 1, 2, 3)",1
2930,"(3, 3, 3, 3, 2, 1, 1, 3, 3, 1, 2, 3)",3
2931,"(1, 2, 3, 1, 3, 3, 3, 3, 3, 3, 2, 3)",2
2932,"(2, 3, 1, 1, 3, 2, 3, 2, 3, 3, 2, 3)",1
2933,"(1, 2, 3, 1, 3, 3, 3, 3, 3, 3, 3, 3)",1
2934,"(1, 2, 1, 1, 3, 2, 2, 3, 3, 1, 2, 3)",1
2935,"(1, 2, 3, 3, 2, 1, 2, 3, 3, 2, 2, 3)",2
2936,"(1, 2, 2, 1, 3, 3, 1, 3, 3, 1, 2, 3)",3
2937,"(2, 3, 3, 2, 2, 2, 1, 2, 3, 1, 2, 3)",1
2938,"(2, 3, 3, 1, 3, 3, 1, 2, 3, 2, 2, 3)",1
2939,"(1, 3, 2, 1, 2, 2, 1, 2, 3, 1, 2, 3)",1
2940,"(1, 2, 1, 1, 2, 1, 3, 3, 3, 3, 2, 3)",1
2941,"(2, 3, 1, 1, 3, 1, 1, 3, 3, 2, 2, 3)",1
2942,"(1, 2, 3, 3, 2, 1, 3, 3, 3, 3, 3, 3)",2
2943,"(1, 2, 3, 3, 2, 1, 3, 3, 3, 3, 2, 3)",1
2944,"(2, 3, 3, 1, 3, 3, 1, 2, 3, 1, 3, 3)",1
2945,"(1, 2, 3, 1, 3, 3, 2, 3, 3, 2, 2, 3)",1
2946,"(1, 2, 1, 1, 3, 1, 2, 3, 3, 2, 2, 3)",1
2947,"(1, 2, 2, 2, 2, 1, 1, 3, 3, 1, 2, 3)",1
2948,"(1, 2, 1, 1, 3, 2, 2, 3, 3, 2, 2, 3)",1
2949,"(2, 3, 3, 3, 2, 1, 1, 2, 3, 1, 2, 3)",1
2950,"(1, 2, 2, 1, 3, 3, 2, 3, 3, 2, 2, 3)",1
2951,"(1, 2, 3, 1, 3, 3, 3, 2, 3, 3, 3, 3)",1
2952,"(2, 3, 1, 1, 3, 2, 2, 3, 3, 1, 2, 3)",4
2953,"(1, 2, 3, 3, 2, 1, 3, 2, 3, 3, 2, 3)",1
2954,"(3, 3, 1, 1, 2, 1, 3, 2, 3, 3, 2, 3)",1
2955,"(1, 2, 2, 1, 3, 3, 1, 3, 3, 2, 2, 3)",1
2956,"(1, 2, 2, 1, 3, 3, 1, 3, 3, 1, 2, 3)",1
2957,"(1, 2, 3, 1, 3, 3, 3, 3, 3, 2, 2, 3)",1
2958,"(1, 2, 1, 1, 3, 1, 1, 3, 3, 1, 2, 3)",1
2959,"(1, 2, 1, 1, 3, 2, 3, 3, 3, 3, 2, 3)",1
2960,"(2, 3, 2, 2, 2, 1, 1, 2, 3, 1, 2, 3)",1
2961,"(1, 2, 3, 1, 3, 3, 1, 3, 3, 1, 2, 3)",1
2962,"(1, 2, 3, 1, 3, 3, 2, 3, 3, 1, 2, 3)",1
2963,"(2, 3, 3, 2, 2, 3, 1, 2, 3, 1, 2, 3)",1
2964,"(1, 2, 2, 1, 3, 3, 3, 3, 3, 3, 3, 3)",1
2965,"(1, 2, 1, 1, 3, 1, 2, 3, 3, 1, 2, 3)",1
2966,"(1, 2, 3, 3, 2, 1, 2, 3, 3, 3, 2, 3)",1
2967,"(1, 2, 2, 1, 3, 3, 3, 3, 3, 3, 2, 3)",1
2968,"(1, 2, 2, 1, 3, 2, 2, 3, 3, 2, 2, 3)",2
2969,"(3, 3, 2, 1, 3, 3, 1, 3, 3, 1, 2, 3)",2
2970,"(2, 3, 1, 1, 3, 1, 2, 3, 3, 2, 2, 3)",1
2971,"(1, 2, 3, 1, 2, 2, 3, 3, 3, 3, 2, 3)",1
2972,"(1, 2, 2, 2, 2, 2, 1, 2, 3, 1, 2, 3)",1
2973,"(2, 3, 1, 1, 3, 2, 2, 3, 3, 2, 2, 3)",2
2974,"(1, 3, 1, 1, 3, 1, 2, 3, 3, 1, 2, 3)",2
2975,"(1, 2, 2, 1, 2, 2, 2, 3, 3, 1, 2, 3)",1
2976,"(1, 3, 1, 1, 3, 1, 2, 3, 3, 1, 3, 3)",1
2977,"(3, 3, 2, 2, 2, 1, 1, 3, 3, 1, 2, 3)",1
2978,"(1, 2, 3, 3, 2, 1, 2, 3, 3, 1, 2, 3)",2
2979,"(1, 2, 2, 2, 2, 1, 3, 3, 3, 3, 2, 3)",1
2980,"(2, 3, 1, 1, 3, 2, 1, 2, 3, 1, 2, 3)",1
2981,"(1, 2, 2, 2, 2, 2, 1, 3, 3, 1, 2, 3)",1
2982,"(1, 2, 3, 2, 2, 2, 2, 3, 3, 2, 2, 3)",1
2983,"(2, 3, 3, 1, 2, 2, 1, 2, 3, 2, 3, 3)",1
2984,"(1, 2, 2, 1, 3, 2, 1, 3, 3, 1, 2, 3)",1
2985,"(1, 2, 2, 1, 3, 2, 2, 3, 3, 1, 2, 3)",3
2986,"(2, 3, 3, 2, 2, 2, 1, 3, 3, 1, 2, 3)",1
2987,"(2, 3, 2, 1, 3, 2, 1, 2, 3, 1, 2, 3)",1
2988,"(2, 3, 2, 2, 2, 2, 1, 2, 3, 1, 2, 3)",1
2989,"(2, 3, 3, 1, 3, 3, 1, 3, 3, 1, 2, 3)",1
2990,"(1, 2, 1, 1, 3, 2, 1, 3, 3, 1, 3, 3)",1
2991,"(1, 2, 1, 1, 3, 2, 1, 3, 3, 1, 2, 3)",1
2992,"(1, 2, 2, 1, 3, 2, 2, 3, 3, 3, 2, 3)",1
2993,"(1, 2, 3, 2, 2, 1, 3, 3, 3, 3, 2, 3)",1
2994,"(2, 3, 1, 1, 2, 1, 3, 3, 3, 3, 2, 3)",1
2995,"(2, 2, 1, 1, 2, 1, 1, 2, 3, 1, 2, 3)",1
2996,"(1, 2, 3, 3, 2, 1, 3, 3, 3, 3, 2, 3)",2
2997,"(1, 2, 3, 1, 3, 3, 2, 2, 3, 2, 3, 3)",1
2998,"(1, 2, 1, 1, 3, 1, 2, 3, 3, 2, 2, 3)",1
2999,"(1, 2, 2, 2, 2, 1, 1, 3, 3, 1, 2, 3)",2
3000,"(1, 2, 2, 2, 2, 1, 3, 3, 3, 2, 2, 3)",1
3001,"(1, 3, 1, 1, 3, 1, 2, 3, 3, 2, 2, 3)",1
3002,"(1, 2, 2, 1, 3, 3, 2, 2, 3, 2, 2, 3)",1
3003,"(1, 2, 1, 1, 2, 1, 3, 3, 3, 2, 2, 3)",1
3004,"(1, 2, 2, 1, 3, 3, 2, 3, 3, 2, 2, 3)",1
3005,"(2, 3, 1, 1, 2, 1, 1, 3, 3, 1, 2, 3)",1
3006,"(2, 2, 3, 3, 2, 1, 3, 3, 3, 2, 2, 3)",1
3007,"(2, 3, 1, 1, 3, 1, 3, 3, 3, 3, 2, 3)",2
3008,"(2, 3, 1, 1, 3, 2, 2, 3, 3, 1, 2, 3)",3
3009,"(2, 3, 2, 1, 3, 3, 1, 3, 3, 1, 2, 3)",1
3010,"(1, 2, 3, 3, 2, 1, 3, 2, 3, 3, 3, 3)",2
3011,"(2, 3, 2, 1, 3, 2, 1, 2, 3, 1, 2, 3)",1
3012,"(1, 2, 2, 1, 2, 1, 2, 3, 3, 1, 2, 3)",2
3013,"(2, 3, 1, 1, 3, 2, 2, 3, 3, 1, 3, 3)",1
3014,"(1, 2, 2, 2, 2, 1, 2, 3, 3, 2, 2, 3)",1
3015,"(1, 2, 3, 1, 3, 3, 2, 3, 3, 1, 2, 3)",1
3016,"(2, 3, 1, 1, 3, 1, 1, 3, 3, 1, 2, 3)",2
3017,"(1, 2, 1, 2, 2, 1, 3, 3, 3, 2, 2, 3)",1
3018,"(2, 3, 2, 1, 3, 3, 1, 2, 3, 1, 2, 3)",1
3019,"(1, 2, 1, 1, 3, 1, 2, 3, 3, 1, 2, 3)",1
3020,"(1, 2, 2, 1, 3, 2, 2, 2, 3, 2, 3, 3)",1
3021,"(1, 2, 3, 3, 2, 2, 3, 3, 3, 3, 2, 3)",1
3022,"(2, 3, 1, 1, 3, 1, 2, 3, 3, 2, 2, 3)",1
3023,"(1, 3, 1, 1, 3, 1, 2, 3, 3, 1, 2, 3)",1
3024,"(1, 2, 3, 2, 2, 2, 1, 3, 3, 1, 2, 3)",1
3025,"(1, 3, 1, 1, 3, 2, 1, 2, 3, 2, 2, 3)",1
3026,"(1, 2, 2, 1, 3, 3, 2, 3, 3, 1, 2, 3)",1
3027,"(2, 3, 1, 1, 3, 1, 1, 2, 3, 1, 3, 3)",1
3028,"(1, 2, 3, 3, 2, 1, 2, 3, 3, 1, 3, 3)",1
3029,"(1, 2, 3, 3, 2, 1, 2, 3, 3, 1, 2, 3)",2
3030,"(1, 2, 2, 1, 3, 3, 2, 2, 3, 3, 2, 3)",1
3031,"(1, 2, 3, 3, 2, 1, 3, 3, 3, 2, 3, 3)",1
3032,"(1, 2, 2, 2, 2, 1, 2, 3, 3, 1, 2, 3)",1
3033,"(2, 3, 3, 3, 2, 1, 1, 2, 3, 2, 3, 3)",1
3034,"(1, 2, 3, 2, 2, 2, 2, 3, 3, 2, 2, 3)",1
3035,"(1, 2, 3, 3, 2, 1, 1, 2, 3, 1, 2, 3)",1
3036,"(1, 2, 3, 1, 3, 3, 3, 2, 3, 3, 3, 3)",1
3037,"(1, 2, 2, 1, 3, 2, 2, 3, 3, 1, 2, 3)",2
3038,"(2, 3, 1, 1, 3, 1, 2, 3, 3, 1, 3, 3)",1
3039,"(1, 2, 1, 1, 3, 1, 3, 2, 3, 3, 3, 3)",1
3040,"(2, 3, 1, 1, 3, 1, 2, 3, 3, 1, 2, 3)",2
3041,"(1, 2, 3, 1, 2, 3, 3, 3, 3, 2, 2, 3)",1
3042,"(1, 2, 3, 2, 3, 3, 1, 3, 3, 1, 2, 3)",2
3043,"(1, 2, 1, 1, 3, 2, 2, 3, 3, 1, 3, 3)",1
3044,"(1, 2, 3, 1, 3, 3, 3, 3, 3, 3, 2, 3)",3
3045,"(1, 3, 1, 1, 3, 2, 2, 3, 3, 2, 2, 3)",1
3046,"(2, 3, 1, 1, 3, 2, 3, 2, 3, 3, 2, 3)",1
3047,"(1, 2, 3, 1, 3, 3, 3, 3, 3, 3, 3, 3)",2
3048,"(1, 2, 1, 1, 3, 2, 2, 3, 3, 1, 2, 3)",2
3049,"(1, 2, 3, 3, 2, 1, 2, 3, 3, 2, 2, 3)",1
3050,"(1, 2, 2, 1, 3, 3, 1, 3, 3, 1, 2, 3)",1
3051,"(1, 3, 1, 1, 3, 2, 3, 3, 3, 2, 2, 3)",1
3052,"(1, 3, 1, 1, 3, 2, 1, 3, 3, 1, 2, 3)",1
3053,"(1, 2, 3, 2, 2, 2, 3, 3, 3, 3, 2, 3)",1
3054,"(2, 3, 1, 1, 2, 1, 1, 2, 3, 1, 2, 3)",1
3055,"(1, 2, 3, 1, 3, 3, 1, 2, 3, 1, 3, 3)",1
3056,"(1, 2, 3, 3, 2, 1, 3, 3, 3, 3, 3, 3)",1
3057,"(2, 3, 1, 1, 3, 1, 2, 2, 3, 3, 3, 3)",1
3058,"(1, 2, 3, 3, 2, 1, 3, 3, 3, 3, 2, 3)",1
3059,"(1, 2, 3, 3, 2, 2, 1, 3, 3, 1, 2, 3)",2
3060,"(1, 2, 2, 2, 2, 1, 1, 3, 3, 1, 2, 3)",1
3061,"(3, 3, 1, 1, 2, 1, 1, 3, 3, 1, 2, 3)",1
3062,"(1, 2, 1, 1, 3, 2, 2, 3, 3, 2, 2, 3)",2
3063,"(1, 2, 1, 1, 2, 1, 3, 3, 3, 2, 2, 3)",1
3064,"(1, 2, 2, 1, 3, 2, 3, 3, 3, 3, 2, 3)",2
3065,"(1, 2, 3, 2, 2, 1, 3, 3, 3, 3, 2, 3)",1
3066,"(2, 3, 1, 1, 3, 2, 2, 3, 3, 1, 2, 3)",1
3067,"(2, 3, 1, 1, 3, 2, 1, 3, 3, 1, 2, 3)",1
3068,"(2, 3, 1, 1, 3, 2, 3, 3, 3, 2, 2, 3)",1
3069,"(1, 3, 1, 1, 3, 2, 2, 3, 3, 1, 2, 3)",2
3070,"(1, 2, 3, 1, 3, 3, 3, 3, 3, 2, 3, 3)",1
3071,"(1, 2, 3, 3, 2, 1, 3, 2, 3, 3, 2, 3)",1
3072,"(1, 2, 3, 3, 2, 1, 1, 2, 3, 2, 3, 3)",1
3073,"(1, 3, 1, 1, 2, 1, 3, 3, 3, 3, 2, 3)",1
3074,"(1, 2, 2, 1, 2, 2, 1, 3, 3, 1, 2, 3)",1
3075,"(1, 2, 1, 1, 3, 2, 3, 3, 3, 3, 2, 3)",1
3076,"(1, 2, 2, 1, 2, 1, 2, 2, 3, 3, 3, 3)",1
3077,"(1, 2, 3, 1, 3, 3, 2, 3, 3, 1, 2, 3)",1
3078,"(1, 3, 1, 1, 3, 1, 3, 3, 3, 3, 2, 3)",2
3079,"(1, 2, 1, 1, 3, 1, 2, 3, 3, 1, 2, 3)",4
3080,"(1, 2, 2, 1, 3, 3, 3, 3, 3, 3, 2, 3)",1
3081,"(1, 2, 2, 1, 3, 2, 2, 3, 3, 2, 2, 3)",1
3082,"(1, 3, 3, 3, 2, 1, 1, 2, 3, 1, 2, 3)",1
3083,"(1, 2, 2, 2, 3, 2, 2, 3, 3, 1, 2, 3)",2
3084,"(2, 3, 1, 1, 3, 2, 2, 3, 3, 2, 2, 3)",1
3085,"(1, 2, 1, 2, 2, 1, 3, 3, 3, 3, 2, 3)",1
3086,"(3, 3, 1, 1, 3, 2, 2, 3, 3, 1, 2, 3)",1
3087,"(1, 2, 2, 1, 3, 3, 2, 3, 3, 1, 2, 3)",1
3088,"(2, 3, 2, 2, 2, 1, 1, 2, 3, 1, 2, 3)",1
3089,"(1, 3, 2, 1, 3, 2, 1, 2, 3, 1, 2, 3)",1
3090,"(1, 2, 3, 3, 2, 1, 1, 3, 3, 1, 2, 3)",1
3091,"(1, 2, 2, 2, 2, 1, 2, 3, 3, 1, 2, 3)",1
3092,"(1, 2, 2, 2, 2, 2, 2, 3, 3, 1, 2, 3)",1
3093,"(1, 2, 3, 2, 2, 2, 2, 3, 3, 2, 2, 3)",1
3094,"(1, 2, 3, 3, 2, 2, 2, 3, 3, 1, 2, 3)",1
3095,"(2, 3, 1, 1, 3, 2, 3, 3, 3, 3, 2, 3)",1
3096,"(1, 2, 3, 2, 2, 2, 3, 3, 3, 2, 2, 3)",2
3097,"(3, 3, 1, 1, 3, 3, 1, 3, 3, 1, 2, 3)",1
3098,"(1, 2, 3, 1, 3, 3, 3, 2, 3, 3, 3, 3)",1
3099,"(2, 3, 1, 1, 3, 1, 2, 3, 3, 1, 2, 3)",2
3100,"(1, 2, 2, 2, 2, 1, 3, 2, 3, 3, 2, 3)",1
3101,"(1, 2, 3, 3, 2, 1, 2, 2, 3, 2, 2, 3)",1
3102,"(1, 2, 3, 1, 3, 3, 3, 3, 3, 3, 2, 3)",2
3103,"(1, 2, 3, 1, 3, 3, 3, 3, 3, 3, 3, 3)",1
3104,"(1, 2, 1, 1, 3, 2, 2, 3, 3, 1, 2, 3)",1
3105,"(1, 2, 1, 1, 3, 2, 1, 3, 3, 1, 2, 3)",1
3106,"(1, 2, 3, 3, 2, 1, 2, 3, 3, 2, 2, 3)",2
3107,"(1, 2, 3, 2, 2, 1, 2, 3, 3, 2, 2, 3)",1
3108,"(1, 2, 3, 3, 3, 2, 2, 3, 3, 1, 2, 3)",2
3109,"(2, 3, 3, 3, 2, 1, 1, 3, 3, 1, 2, 3)",1
3110,"(2, 3, 1, 1, 3, 1, 1, 2, 3, 2, 3, 3)",1
3111,"(2, 3, 2, 1, 2, 2, 1, 2, 3, 1, 2, 3)",1
3112,"(2, 3, 1, 1, 3, 2, 2, 3, 3, 3, 2, 3)",1
3113,"(2, 3, 3, 3, 2, 1, 1, 2, 3, 1, 2, 3)",2
3114,"(1, 2, 3, 3, 2, 1, 3, 3, 3, 3, 2, 3)",1
3115,"(1, 2, 3, 1, 2, 3, 2, 3, 3, 2, 2, 3)",1
3116,"(1, 2, 2, 2, 2, 1, 2, 3, 3, 1, 2, 3)",1
3117,"(1, 3, 1, 1, 3, 1, 2, 3, 3, 2, 2, 3)",1
3118,"(1, 2, 1, 1, 3, 2, 2, 3, 3, 2, 2, 3)",1
3119,"(1, 2, 3, 3, 2, 1, 3, 3, 3, 3, 3, 3)",1
3120,"(1, 2, 2, 1, 3, 3, 2, 3, 3, 2, 2, 3)",2
3121,"(1, 2, 2, 1, 3, 2, 3, 3, 3, 3, 2, 3)",1
3122,"(2, 3, 1, 1, 3, 1, 3, 3, 3, 3, 2, 3)",1
3123,"(2, 3, 1, 1, 3, 2, 2, 3, 3, 1, 2, 3)",3
3124,"(2, 3, 1, 1, 3, 2, 1, 3, 3, 1, 2, 3)",1
3125,"(2, 3, 1, 1, 3, 2, 3, 3, 3, 2, 2, 3)",1
3126,"(2, 3, 2, 1, 2, 1, 1, 2, 3, 1, 2, 3)",1
3127,"(3, 3, 1, 2, 2, 1, 2, 3, 3, 2, 2, 3)",1
3128,"(2, 3, 1, 1, 3, 2, 3, 3, 3, 2, 3, 3)",2
3129,"(1, 2, 2, 1, 2, 1, 2, 3, 3, 1, 2, 3)",1
3130,"(2, 3, 3, 1, 2, 3, 1, 3, 3, 1, 2, 3)",1
3131,"(2, 3, 1, 1, 3, 2, 1, 2, 3, 1, 2, 3)",1
3132,"(1, 2, 1, 1, 3, 1, 3, 3, 3, 2, 2, 3)",1
3133,"(1, 2, 3, 1, 3, 3, 1, 3, 3, 1, 2, 3)",1
3134,"(1, 2, 3, 1, 3, 3, 2, 3, 3, 1, 2, 3)",1
3135,"(1, 2, 3, 2, 2, 2, 1, 3, 3, 1, 2, 3)",1
3136,"(1, 2, 1, 1, 3, 1, 1, 3, 3, 1, 2, 3)",1
3137,"(1, 2, 1, 1, 3, 1, 2, 3, 3, 1, 2, 3)",3
3138,"(1, 2, 2, 1, 3, 3, 3, 3, 3, 3, 2, 3)",2
3139,"(2, 2, 1, 2, 2, 1, 3, 3, 3, 2, 2, 3)",1
3140,"(1, 2, 3, 2, 2, 1, 3, 3, 3, 2, 2, 3)",1
3141,"(2, 3, 1, 1, 3, 1, 2, 3, 3, 2, 2, 3)",1
3142,"(1, 2, 2, 2, 2, 1, 3, 3, 3, 3, 2, 3)",1
3143,"(2, 3, 1, 1, 3, 2, 2, 3, 3, 2, 2, 3)",1
3144,"(1, 3, 1, 1, 3, 1, 2, 3, 3, 1, 2, 3)",1
3145,"(1, 2, 1, 1, 2, 1, 3, 3, 3, 2, 2, 3)",1
3146,"(2, 3, 2, 2, 2, 1, 1, 2, 3, 1, 2, 3)",1
3147,"(1, 3, 2, 1, 3, 2, 1, 2, 3, 1, 2, 3)",1
3148,"(1, 2, 3, 1, 3, 3, 1, 2, 3, 2, 3, 3)",1
3149,"(1, 2, 3, 3, 2, 1, 3, 3, 3, 2, 2, 3)",3
3150,"(1, 2, 3, 3, 2, 1, 2, 3, 3, 1, 3, 3)",2
3151,"(1, 3, 1, 1, 3, 2, 2, 3, 3, 2, 2, 3)",1
3152,"(1, 2, 3, 1, 3, 3, 2, 2, 3, 3, 3, 3)",1
3153,"(2, 3, 1, 1, 3, 2, 3, 3, 3, 3, 2, 3)",2
3154,"(1, 2, 2, 1, 3, 3, 3, 3, 3, 2, 2, 3)",1
3155,"(1, 2, 3, 2, 2, 2, 2, 3, 3, 1, 2, 3)",1
3156,"(1, 2, 2, 1, 2, 2, 3, 3, 3, 2, 2, 3)",1
3157,"(2, 3, 2, 1, 3, 3, 1, 2, 3, 1, 3, 3)",1
3158,"(1, 2, 1, 1, 3, 1, 2, 2, 3, 2, 2, 3)",1
3159,"(1, 2, 2, 1, 2, 2, 2, 3, 3, 2, 2, 3)",1
3160,"(1, 2, 1, 1, 2, 1, 2, 3, 3, 2, 2, 3)",1
3161,"(1, 2, 3, 1, 3, 3, 3, 3, 3, 3, 2, 3)",1
3162,"(1, 2, 1, 1, 3, 2, 2, 3, 3, 1, 2, 3)",2
3163,"(2, 3, 3, 2, 2, 2, 1, 2, 3, 1, 2, 3)",1
3164,"(1, 2, 3, 2, 3, 2, 2, 3, 3, 1, 2, 3)",1
3165,"(1, 2, 3, 3, 3, 2, 2, 3, 3, 1, 2, 3)",1
3166,"(1, 2, 3, 3, 3, 2, 1, 3, 3, 1, 2, 3)",1
3167,"(1, 2, 1, 1, 3, 3, 2, 3, 3, 1, 3, 3)",1
3168,"(1, 3, 1, 1, 2, 1, 2, 3, 3, 2, 2, 3)",1
3169,"(2, 3, 2, 1, 2, 2, 1, 2, 3, 1, 3, 3)",1
3170,"(1, 2, 3, 3, 2, 1, 3, 3, 3, 3, 3, 3)",1
3171,"(1, 2, 3, 3, 2, 2, 3, 3, 3, 2, 2, 3)",1
3172,"(2, 3, 3, 3, 2, 1, 1, 2, 3, 1, 3, 3)",1
3173,"(1, 2, 2, 1, 2, 1, 3, 3, 3, 3, 2, 3)",3
3174,"(1, 2, 3, 1, 3, 3, 2, 3, 3, 2, 2, 3)",1
3175,"(1, 2, 2, 2, 2, 1, 1, 3, 3, 1, 2, 3)",1
3176,"(1, 2, 2, 2, 2, 1, 2, 3, 3, 1, 3, 3)",1
3177,"(2, 3, 1, 1, 2, 1, 2, 3, 3, 2, 2, 3)",1
3178,"(1, 2, 1, 1, 2, 1, 3, 3, 3, 2, 2, 3)",1
3179,"(2, 3, 3, 1, 3, 3, 1, 3, 3, 1, 2, 3)",1
3180,"(2, 3, 3, 3, 2, 1, 1, 2, 3, 1, 2, 3)",1
3181,"(2, 3, 1, 1, 3, 2, 2, 3, 3, 1, 2, 3)",1
3182,"(2, 3, 1, 1, 3, 2, 1, 3, 3, 1, 2, 3)",2
3183,"(2, 3, 1, 1, 3, 2, 3, 3, 3, 2, 2, 3)",1
3184,"(2, 3, 2, 1, 2, 1, 1, 2, 3, 1, 2, 3)",1
3185,"(1, 2, 3, 1, 2, 3, 2, 3, 3, 2, 2, 3)",1
3186,"(1, 2, 3, 1, 3, 3, 3, 3, 3, 2, 2, 3)",1
3187,"(1, 2, 3, 3, 2, 1, 1, 3, 3, 2, 2, 3)",1
3188,"(2, 3, 2, 1, 3, 3, 1, 2, 3, 1, 2, 3)",1
3189,"(2, 3, 1, 1, 3, 2, 2, 3, 3, 1, 3, 3)",1
3190,"(1, 2, 1, 1, 3, 2, 3, 3, 3, 3, 2, 3)",1
3191,"(1, 2, 3, 1, 3, 3, 1, 3, 3, 1, 2, 3)",1
3192,"(1, 2, 3, 1, 3, 3, 2, 3, 3, 1, 2, 3)",1
3193,"(1, 2, 1, 1, 3, 1, 1, 3, 3, 1, 2, 3)",2
3194,"(1, 2, 1, 1, 3, 1, 2, 3, 3, 1, 2, 3)",1
3195,"(1, 2, 3, 3, 2, 1, 2, 3, 3, 3, 2, 3)",1
3196,"(1, 2, 2, 1, 3, 3, 3, 3, 3, 3, 2, 3)",1
3197,"(1, 2, 3, 3, 2, 1, 2, 3, 3, 1, 2, 3)",3
3198,"(1, 2, 2, 1, 3, 2, 2, 3, 3, 2, 3, 3)",1
3199,"(1, 2, 1, 1, 2, 1, 2, 3, 3, 1, 2, 3)",1
3200,"(2, 3, 1, 1, 3, 2, 2, 3, 3, 2, 2, 3)",3
3201,"(1, 3, 1, 1, 3, 1, 2, 3, 3, 1, 2, 3)",1
3202,"(2, 3, 3, 1, 3, 3, 1, 2, 3, 1, 3, 3)",2
3203,"(1, 2, 1, 1, 2, 1, 1, 3, 3, 1, 2, 3)",1
3204,"(1, 2, 2, 1, 3, 3, 2, 3, 3, 1, 2, 3)",1
3205,"(2, 3, 3, 1, 3, 3, 1, 2, 3, 1, 2, 3)",1
3206,"(1, 2, 3, 3, 2, 1, 1, 3, 3, 1, 3, 3)",1
3207,"(1, 2, 1, 2, 3, 1, 2, 3, 3, 1, 2, 3)",1
3208,"(1, 2, 2, 1, 2, 2, 2, 3, 3, 1, 2, 3)",1
3209,"(1, 2, 3, 1, 3, 3, 2, 2, 3, 3, 3, 3)",1
3210,"(1, 2, 3, 2, 2, 3, 3, 3, 3, 3, 2, 3)",1
3211,"(2, 3, 1, 1, 3, 2, 3, 3, 3, 3, 2, 3)",1
3212,"(1, 2, 3, 2, 2, 2, 2, 3, 3, 1, 2, 3)",1
3213,"(1, 2, 3, 3, 2, 2, 2, 3, 3, 3, 2, 3)",1
3214,"(3, 3, 2, 2, 2, 2, 1, 3, 3, 1, 2, 3)",1
3215,"(1, 2, 3, 3, 2, 1, 3, 3, 3, 3, 2, 3)",1
3216,"(1, 3, 1, 1, 2, 1, 1, 3, 3, 1, 2, 3)",1
3217,"(1, 2, 3, 1, 3, 3, 3, 3, 3, 3, 2, 3)",2
3218,"(1, 2, 3, 3, 2, 1, 2, 3, 3, 2, 2, 3)",2
3219,"(1, 2, 1, 1, 3, 2, 2, 3, 3, 1, 3, 3)",1
3220,"(1, 2, 3, 2, 3, 2, 2, 3, 3, 1, 2, 3)",1
3221,"(1, 3, 1, 1, 3, 1, 3, 3, 3, 2, 2, 3)",1
3222,"(2, 3, 1, 1, 3, 1, 3, 3, 3, 2, 2, 3)",1
3223,"(1, 2, 3, 1, 2, 3, 1, 3, 3, 1, 2, 3)",2
3224,"(2, 3, 2, 1, 2, 2, 1, 2, 3, 1, 2, 3)",1
3225,"(1, 2, 1, 1, 2, 1, 3, 3, 3, 3, 2, 3)",1
3226,"(2, 3, 3, 3, 2, 1, 1, 2, 3, 1, 2, 3)",2
3227,"(2, 3, 1, 1, 3, 2, 3, 3, 3, 3, 2, 3)",2
3228,"(1, 2, 2, 1, 2, 1, 2, 3, 3, 1, 2, 3)",1
3229,"(1, 2, 3, 1, 2, 2, 2, 3, 3, 1, 2, 3)",1
3230,"(1, 3, 1, 1, 3, 2, 2, 3, 3, 3, 2, 3)",1
3231,"(1, 2, 2, 2, 2, 2, 3, 3, 3, 3, 2, 3)",1
3232,"(1, 2, 2, 2, 2, 1, 3, 3, 3, 2, 2, 3)",1
3233,"(1, 2, 2, 1, 3, 3, 2, 3, 3, 2, 3, 3)",1
3234,"(1, 2, 1, 1, 3, 2, 2, 3, 3, 2, 2, 3)",2
3235,"(1, 2, 3, 2, 2, 2, 2, 3, 3, 1, 2, 3)",1
3236,"(1, 2, 2, 1, 3, 3, 2, 3, 3, 2, 2, 3)",2
3237,"(2, 3, 1, 1, 3, 1, 3, 3, 3, 3, 2, 3)",1
3238,"(2, 3, 1, 1, 3, 2, 3, 3, 3, 2, 2, 3)",1
3239,"(1, 2, 2, 1, 3, 3, 1, 3, 3, 2, 2, 3)",1
3240,"(1, 2, 3, 1, 3, 3, 3, 3, 3, 2, 2, 3)",1
3241,"(1, 2, 3, 3, 2, 1, 3, 3, 3, 3, 2, 3)",1
3242,"(1, 2, 1, 1, 3, 2, 3, 3, 3, 3, 3, 3)",1
3243,"(1, 2, 2, 2, 2, 1, 2, 3, 3, 2, 2, 3)",1
3244,"(1, 2, 3, 1, 3, 3, 1, 3, 3, 1, 2, 3)",1
3245,"(1, 2, 3, 1, 3, 3, 2, 3, 3, 1, 2, 3)",1
3246,"(1, 3, 1, 1, 3, 1, 3, 3, 3, 3, 2, 3)",1
3247,"(1, 3, 2, 1, 3, 3, 1, 2, 3, 1, 2, 3)",1
3248,"(1, 2, 1, 1, 3, 1, 2, 3, 3, 1, 2, 3)",1
3249,"(1, 2, 2, 1, 3, 3, 3, 3, 3, 3, 2, 3)",3
3250,"(1, 2, 2, 1, 3, 2, 2, 3, 3, 2, 2, 3)",1
3251,"(2, 3, 3, 3, 2, 2, 1, 3, 3, 1, 2, 3)",1
3252,"(1, 2, 3, 1, 2, 3, 2, 3, 3, 1, 2, 3)",1
3253,"(1, 2, 3, 2, 2, 2, 3, 3, 3, 2, 3, 3)",1
3254,"(1, 2, 3, 3, 3, 2, 2, 3, 3, 1, 2, 3)",1
3255,"(1, 2, 2, 1, 3, 3, 2, 3, 3, 1, 2, 3)",1
3256,"(2, 3, 2, 2, 2, 1, 1, 2, 3, 1, 2, 3)",2
3257,"(1, 2, 1, 2, 3, 1, 1, 3, 3, 1, 2, 3)",1
3258,"(1, 2, 2, 1, 3, 2, 3, 3, 3, 2, 3, 3)",1
3259,"(1, 3, 1, 1, 3, 2, 2, 3, 3, 2, 2, 3)",2
3260,"(1, 2, 2, 1, 3, 2, 3, 3, 3, 2, 2, 3)",1
3261,"(1, 2, 1, 1, 3, 1, 1, 3, 3, 2, 2, 3)",1
3262,"(1, 2, 3, 2, 2, 2, 3, 3, 3, 2, 2, 3)",1
3263,"(1, 2, 3, 2, 2, 2, 1, 3, 3, 2, 2, 3)",1
3264,"(2, 3, 1, 1, 2, 1, 1, 2, 3, 1, 2, 3)",1
3265,"(1, 2, 3, 2, 2, 1, 2, 3, 3, 1, 2, 3)",1
3266,"(3, 3, 3, 3, 2, 1, 1, 3, 3, 1, 2, 3)",1
3267,"(1, 2, 2, 1, 2, 1, 3, 3, 3, 2, 3, 3)",1
3268,"(1, 2, 3, 1, 3, 3, 3, 3, 3, 3, 2, 3)",1
3269,"(1, 2, 3, 3, 2, 1, 2, 3, 3, 2, 2, 3)",3
3270,"(1, 2, 1, 1, 3, 2, 3, 3, 3, 2, 2, 3)",2
3271,"(1, 2, 3, 2, 2, 3, 2, 3, 3, 2, 2, 3)",1
3272,"(1, 3, 1, 1, 3, 2, 3, 3, 3, 2, 2, 3)",1
3273,"(1, 2, 3, 2, 2, 1, 2, 3, 3, 2, 2, 3)",1
3274,"(2, 3, 1, 1, 3, 2, 1, 3, 3, 2, 2, 3)",1
3275,"(1, 2, 3, 3, 3, 2, 1, 3, 3, 1, 2, 3)",1
3276,"(3, 3, 1, 2, 2, 1, 3, 3, 3, 2, 2, 3)",1
3277,"(1, 2, 2, 1, 3, 3, 3, 3, 3, 2, 2, 3)",1
3278,"(1, 2, 2, 3, 2, 1, 3, 3, 3, 2, 2, 3)",1
3279,"(1, 2, 3, 2, 2, 1, 3, 3, 3, 3, 2, 3)",1
3280,"(1, 2, 3, 1, 2, 3, 3, 3, 3, 2, 3, 3)",1
3281,"(2, 3, 3, 3, 2, 1, 1, 2, 3, 1, 2, 3)",1
3282,"(1, 2, 1, 1, 3, 1, 2, 3, 3, 2, 2, 3)",2
3283,"(1, 2, 2, 2, 2, 1, 1, 3, 3, 1, 2, 3)",1
3284,"(1, 2, 1, 1, 3, 1, 3, 3, 3, 3, 2, 3)",1
3285,"(1, 2, 2, 1, 3, 3, 3, 3, 3, 3, 3, 3)",1
3286,"(1, 2, 1, 1, 3, 2, 2, 3, 3, 2, 2, 3)",1
3287,"(1, 2, 3, 3, 2, 1, 2, 3, 3, 2, 2, 3)",1
3288,"(2, 3, 1, 1, 3, 2, 2, 3, 3, 1, 2, 3)",4
3289,"(2, 3, 1, 1, 3, 1, 3, 3, 3, 3, 2, 3)",2
3290,"(2, 3, 1, 1, 3, 2, 1, 3, 3, 1, 2, 3)",3
3291,"(2, 3, 1, 1, 3, 2, 3, 3, 3, 2, 2, 3)",1
3292,"(2, 3, 2, 1, 3, 3, 1, 3, 3, 1, 2, 3)",1
3293,"(1, 2, 2, 1, 3, 2, 2, 3, 3, 1, 2, 3)",1
3294,"(1, 2, 3, 2, 2, 2, 1, 3, 3, 1, 2, 3)",1
3295,"(2, 3, 1, 1, 2, 1, 3, 3, 3, 3, 2, 3)",1
3296,"(2, 3, 3, 3, 2, 2, 1, 2, 3, 1, 2, 3)",1
3297,"(2, 3, 1, 1, 3, 2, 1, 2, 3, 1, 2, 3)",2
3298,"(1, 2, 1, 1, 3, 1, 3, 3, 3, 2, 2, 3)",2
3299,"(1, 2, 1, 1, 3, 2, 3, 3, 3, 3, 2, 3)",1
3300,"(1, 2, 3, 1, 3, 3, 1, 3, 3, 1, 2, 3)",3
3301,"(1, 2, 3, 1, 3, 3, 2, 3, 3, 1, 2, 3)",3
3302,"(1, 3, 1, 1, 3, 1, 3, 3, 3, 3, 2, 3)",1
3303,"(2, 3, 2, 1, 3, 3, 1, 2, 3, 1, 2, 3)",1
3304,"(1, 2, 1, 1, 2, 1, 2, 3, 3, 2, 2, 3)",1
3305,"(2, 3, 1, 1, 3, 2, 1, 2, 3, 1, 3, 3)",1
3306,"(1, 2, 2, 1, 3, 3, 3, 3, 3, 3, 2, 3)",1
3307,"(2, 3, 1, 1, 3, 2, 2, 3, 3, 2, 2, 3)",1
3308,"(1, 2, 3, 1, 3, 3, 2, 3, 3, 3, 2, 3)",1
3309,"(2, 3, 2, 2, 2, 1, 1, 2, 3, 1, 2, 3)",1
3310,"(1, 2, 1, 2, 3, 1, 2, 3, 3, 1, 2, 3)",1
3311,"(1, 2, 2, 2, 2, 1, 3, 3, 3, 3, 2, 3)",1
3312,"(2, 3, 1, 1, 3, 1, 3, 3, 3, 2, 2, 3)",1
3313,"(2, 3, 1, 1, 3, 2, 3, 3, 3, 3, 2, 3)",1
3314,"(1, 3, 1, 1, 3, 2, 2, 2, 3, 2, 2, 3)",1
3315,"(2, 3, 3, 2, 2, 2, 1, 3, 3, 1, 2, 3)",1
3316,"(2, 3, 1, 1, 3, 1, 1, 3, 3, 1, 2, 3)",1
3317,"(2, 3, 1, 1, 3, 1, 2, 3, 3, 1, 2, 3)",2
3318,"(3, 3, 3, 3, 2, 1, 1, 3, 3, 1, 2, 3)",1
3319,"(1, 2, 2, 1, 2, 1, 2, 3, 3, 2, 2, 3)",1
3320,"(2, 3, 3, 2, 2, 1, 1, 3, 3, 1, 2, 3)",2
3321,"(1, 2, 3, 2, 3, 3, 2, 3, 3, 1, 2, 3)",1
3322,"(1, 2, 3, 2, 3, 3, 1, 3, 3, 1, 2, 3)",1
3323,"(1, 2, 3, 1, 3, 3, 3, 3, 3, 3, 2, 3)",3
3324,"(1, 2, 2, 2, 2, 1, 2, 2, 3, 2, 2, 3)",1
3325,"(1, 2, 1, 1, 3, 2, 2, 3, 3, 1, 2, 3)",1
3326,"(1, 2, 1, 1, 3, 2, 1, 3, 3, 1, 2, 3)",1
3327,"(1, 2, 1, 1, 3, 2, 3, 3, 3, 2, 3, 3)",1
3328,"(1, 2, 3, 2, 2, 2, 3, 3, 3, 3, 2, 3)",2
3329,"(2, 3, 1, 1, 3, 2, 1, 2, 3, 2, 3, 3)",1
3330,"(1, 2, 3, 3, 3, 2, 1, 3, 3, 1, 2, 3)",1
3331,"(1, 2, 2, 1, 3, 3, 1, 2, 3, 2, 2, 3)",1
3332,"(1, 2, 3, 3, 2, 1, 3, 3, 3, 3, 2, 3)",3
3333,"(1, 3, 2, 1, 3, 3, 1, 2, 3, 1, 2, 3)",1
3334,"(1, 2, 3, 1, 3, 3, 2, 3, 3, 2, 2, 3)",3
3335,"(1, 2, 3, 1, 3, 3, 2, 3, 3, 2, 3, 3)",1
3336,"(1, 2, 1, 1, 3, 1, 2, 3, 3, 2, 2, 3)",1
3337,"(1, 2, 2, 1, 3, 2, 3, 3, 3, 3, 2, 3)",1
3338,"(1, 2, 2, 1, 3, 2, 3, 3, 3, 3, 3, 3)",1
3339,"(2, 3, 1, 1, 3, 2, 2, 3, 3, 1, 2, 3)",2
3340,"(2, 3, 1, 1, 3, 2, 2, 3, 3, 1, 3, 3)",1
3341,"(1, 2, 3, 1, 2, 3, 2, 3, 3, 2, 2, 3)",1
3342,"(1, 2, 3, 1, 2, 2, 3, 3, 3, 3, 2, 3)",1
3343,"(1, 2, 3, 2, 2, 2, 1, 3, 3, 1, 2, 3)",1
3344,"(1, 2, 1, 1, 3, 2, 3, 3, 3, 3, 2, 3)",1
3345,"(1, 2, 3, 1, 3, 3, 2, 3, 3, 1, 3, 3)",2
3346,"(1, 2, 3, 1, 3, 3, 1, 3, 3, 1, 2, 3)",1
3347,"(1, 2, 3, 1, 3, 3, 2, 3, 3, 1, 2, 3)",1
3348,"(1, 3, 1, 1, 3, 1, 3, 3, 3, 3, 2, 3)",1
3349,"(1, 2, 1, 1, 3, 1, 2, 3, 3, 1, 2, 3)",2
3350,"(1, 2, 2, 1, 3, 3, 3, 3, 3, 3, 2, 3)",2
3351,"(1, 2, 3, 2, 3, 3, 1, 3, 3, 1, 2, 3)",1
3352,"(1, 2, 3, 2, 3, 2, 2, 3, 3, 1, 2, 3)",1
3353,"(2, 3, 2, 1, 2, 2, 1, 2, 3, 2, 3, 3)",1
3354,"(1, 3, 1, 1, 3, 1, 2, 3, 3, 1, 2, 3)",1
3355,"(1, 2, 2, 1, 3, 3, 2, 3, 3, 1, 2, 3)",1
3356,"(2, 3, 2, 2, 2, 1, 1, 2, 3, 1, 2, 3)",1
3357,"(1, 2, 3, 3, 2, 1, 2, 3, 3, 1, 2, 3)",1
3358,"(1, 2, 2, 2, 2, 1, 3, 3, 3, 3, 2, 3)",1
3359,"(1, 2, 3, 3, 2, 1, 3, 3, 3, 2, 3, 3)",1
3360,"(2, 3, 1, 1, 2, 1, 1, 3, 3, 1, 2, 3)",1
3361,"(2, 3, 2, 1, 3, 3, 1, 2, 3, 2, 3, 3)",1
3362,"(2, 3, 1, 1, 3, 1, 3, 3, 3, 2, 2, 3)",1
3363,"(1, 2, 3, 1, 2, 3, 2, 3, 3, 1, 2, 3)",1
3364,"(1, 2, 2, 1, 3, 2, 2, 3, 3, 1, 2, 3)",2
3365,"(2, 3, 1, 1, 3, 1, 2, 3, 3, 1, 2, 3)",1
3366,"(1, 2, 3, 2, 3, 3, 2, 3, 3, 1, 2, 3)",1
3367,"(1, 2, 1, 1, 2, 1, 2, 3, 3, 2, 2, 3)",1
3368,"(1, 2, 3, 1, 3, 3, 3, 3, 3, 3, 2, 3)",5
3369,"(1, 2, 3, 1, 3, 3, 2, 2, 3, 3, 3, 3)",1
3370,"(1, 2, 3, 1, 3, 3, 3, 3, 3, 3, 3, 3)",1
3371,"(1, 2, 1, 1, 3, 2, 1, 3, 3, 1, 2, 3)",2
3372,"(1, 3, 1, 1, 3, 2, 3, 3, 3, 2, 2, 3)",1
3373,"(1, 2, 3, 2, 2, 2, 3, 3, 3, 3, 2, 3)",1
3374,"(1, 3, 1, 1, 3, 1, 3, 3, 3, 2, 2, 3)",1
3375,"(1, 2, 3, 3, 3, 2, 1, 3, 3, 1, 2, 3)",1
3376,"(2, 3, 3, 1, 2, 2, 1, 2, 3, 1, 3, 3)",1
3377,"(1, 2, 3, 2, 2, 2, 2, 3, 3, 2, 2, 3)",1
3378,"(1, 2, 3, 1, 2, 3, 3, 3, 3, 2, 2, 3)",1
3379,"(2, 3, 1, 1, 3, 2, 3, 2, 3, 3, 3, 3)",1
3380,"(1, 2, 2, 1, 2, 2, 3, 3, 3, 3, 2, 3)",2
3381,"(1, 2, 2, 1, 2, 2, 1, 3, 3, 1, 3, 3)",1
3382,"(2, 3, 3, 3, 2, 1, 1, 2, 3, 1, 2, 3)",2
3383,"(1, 2, 2, 1, 3, 3, 1, 2, 3, 1, 2, 3)",1
3384,"(1, 2, 3, 3, 2, 1, 3, 3, 3, 3, 2, 3)",2
3385,"(1, 2, 3, 1, 3, 3, 3, 3, 3, 3, 3, 3)",1
3386,"(1, 2, 3, 1, 3, 3, 2, 2, 3, 2, 2, 3)",1
3387,"(1, 2, 2, 2, 2, 1, 1, 3, 3, 1, 2, 3)",1
3388,"(1, 3, 1, 1, 3, 1, 3, 3, 3, 3, 3, 3)",1
3389,"(1, 2, 2, 2, 2, 1, 2, 3, 3, 1, 3, 3)",1
3390,"(1, 2, 2, 1, 3, 3, 2, 3, 3, 2, 3, 3)",1
3391,"(1, 2, 1, 1, 3, 2, 2, 3, 3, 2, 2, 3)",1
3392,"(1, 2, 3, 2, 2, 1, 2, 3, 3, 2, 2, 3)",1
3393,"(1, 2, 2, 1, 3, 3, 2, 3, 3, 2, 2, 3)",1
3394,"(1, 2, 2, 1, 3, 2, 3, 3, 3, 3, 2, 3)",2
3395,"(1, 3, 2, 1, 2, 1, 1, 2, 3, 1, 2, 3)",1
3396,"(2, 3, 1, 1, 3, 1, 3, 3, 3, 3, 2, 3)",1
3397,"(1, 2, 2, 2, 3, 3, 1, 3, 3, 1, 2, 3)",1
3398,"(2, 3, 1, 1, 3, 2, 2, 3, 3, 1, 3, 3)",1
3399,"(3, 3, 3, 2, 2, 3, 1, 3, 3, 1, 2, 3)",1
3400,"(2, 3, 1, 1, 3, 2, 3, 3, 3, 2, 2, 3)",1
3401,"(1, 2, 2, 1, 2, 1, 2, 3, 3, 1, 2, 3)",1
3402,"(1, 2, 3, 1, 3, 3, 2, 3, 3, 1, 3, 3)",2
3403,"(1, 2, 3, 1, 3, 3, 1, 3, 3, 1, 2, 3)",1
3404,"(1, 2, 3, 1, 3, 3, 2, 3, 3, 1, 2, 3)",1
3405,"(1, 2, 2, 1, 2, 2, 2, 3, 3, 2, 2, 3)",1
3406,"(1, 2, 2, 1, 3, 3, 3, 3, 3, 3, 3, 3)",1
3407,"(1, 2, 2, 2, 2, 1, 2, 3, 3, 2, 2, 3)",2
3408,"(1, 2, 2, 1, 3, 3, 3, 3, 3, 3, 2, 3)",1
3409,"(1, 2, 3, 3, 2, 1, 3, 2, 3, 3, 3, 3)",1
3410,"(1, 2, 3, 1, 2, 3, 3, 3, 3, 3, 2, 3)",1
3411,"(1, 2, 1, 2, 2, 1, 1, 3, 3, 1, 2, 3)",1
3412,"(1, 2, 3, 3, 2, 1, 1, 3, 3, 1, 2, 3)",1
3413,"(2, 3, 1, 1, 3, 2, 2, 3, 3, 2, 2, 3)",1
3414,"(1, 3, 1, 1, 3, 1, 2, 3, 3, 1, 2, 3)",1
3415,"(1, 2, 2, 1, 3, 3, 3, 2, 3, 3, 2, 3)",1
3416,"(1, 2, 2, 1, 3, 3, 2, 3, 3, 1, 2, 3)",3
3417,"(2, 3, 3, 1, 3, 3, 1, 2, 3, 1, 2, 3)",1
3418,"(1, 2, 2, 1, 3, 3, 2, 3, 3, 1, 3, 3)",1
3419,"(1, 2, 2, 2, 2, 1, 3, 3, 3, 3, 2, 3)",1
3420,"(1, 2, 3, 1, 3, 3, 1, 3, 3, 2, 2, 3)",1
3421,"(1, 2, 3, 2, 2, 2, 2, 3, 3, 1, 2, 3)",1
3422,"(2, 3, 3, 2, 2, 1, 1, 2, 3, 1, 2, 3)",1
3423,"(1, 2, 3, 3, 3, 3, 1, 3, 3, 1, 2, 3)",1
3424,"(2, 3, 3, 1, 3, 3, 1, 3, 3, 1, 2, 3)",1
3425,"(2, 3, 1, 1, 3, 1, 2, 3, 3, 1, 3, 3)",1
3426,"(2, 3, 1, 1, 3, 1, 2, 3, 3, 1, 2, 3)",3
3427,"(1, 2, 1, 1, 3, 1, 3, 3, 3, 3, 2, 3)",1
3428,"(1, 2, 3, 2, 3, 3, 2, 3, 3, 1, 2, 3)",3
3429,"(1, 2, 3, 2, 3, 3, 1, 3, 3, 1, 2, 3)",1
3430,"(1, 2, 2, 2, 2, 1, 1, 2, 3, 2, 2, 3)",1
3431,"(1, 2, 1, 1, 3, 2, 2, 3, 3, 1, 2, 3)",2
3432,"(1, 2, 3, 3, 2, 1, 2, 3, 3, 2, 2, 3)",2
3433,"(1, 2, 2, 1, 3, 3, 1, 3, 3, 1, 2, 3)",1
3434,"(2, 3, 3, 2, 2, 2, 1, 2, 3, 2, 3, 3)",1
3435,"(1, 2, 1, 1, 3, 2, 1, 3, 3, 1, 2, 3)",1
3436,"(1, 2, 3, 1, 2, 3, 2, 3, 3, 1, 2, 3)",2
3437,"(2, 3, 2, 1, 2, 2, 1, 2, 3, 1, 2, 3)",1
3438,"(1, 2, 1, 1, 2, 1, 2, 3, 3, 2, 2, 3)",1
3439,"(1, 2, 1, 1, 2, 1, 3, 3, 3, 3, 2, 3)",1
3440,"(1, 2, 3, 3, 2, 1, 3, 3, 3, 3, 3, 3)",1
3441,"(1, 2, 2, 1, 2, 1, 1, 3, 3, 1, 2, 3)",1
3442,"(1, 2, 3, 3, 2, 1, 3, 3, 3, 3, 2, 3)",2
3443,"(1, 2, 2, 1, 3, 3, 1, 2, 3, 1, 3, 3)",1
3444,"(1, 2, 3, 3, 2, 1, 1, 2, 3, 1, 2, 3)",2
3445,"(3, 3, 2, 2, 2, 1, 1, 2, 3, 1, 2, 3)",1
3446,"(1, 2, 1, 1, 3, 1, 2, 3, 3, 2, 2, 3)",2
3447,"(1, 2, 2, 2, 2, 1, 1, 3, 3, 1, 2, 3)",1
3448,"(1, 2, 2, 2, 2, 1, 3, 3, 3, 2, 2, 3)",2
3449,"(1, 2, 1, 1, 3, 2, 2, 3, 3, 2, 2, 3)",1
3450,"(1, 2, 1, 1, 2, 1, 2, 2, 3, 3, 3, 3)",1
3451,"(1, 2, 3, 3, 2, 1, 2, 3, 3, 2, 2, 3)",1
3452,"(1, 2, 1, 1, 2, 1, 3, 2, 3, 3, 3, 3)",1
3453,"(2, 3, 1, 1, 3, 2, 1, 3, 3, 1, 3, 3)",1
3454,"(2, 3, 1, 1, 3, 1, 3, 3, 3, 3, 2, 3)",1
3455,"(1, 2, 3, 3, 2, 1, 3, 2, 3, 3, 2, 3)",1
3456,"(2, 3, 1, 1, 3, 2, 2, 3, 3, 1, 3, 3)",1
3457,"(1, 3, 1, 1, 3, 2, 2, 3, 3, 1, 2, 3)",1
3458,"(1, 2, 3, 1, 3, 3, 3, 3, 3, 2, 3, 3)",1
3459,"(1, 2, 1, 1, 3, 1, 3, 3, 3, 2, 2, 3)",1
3460,"(1, 3, 1, 1, 3, 2, 3, 3, 3, 2, 2, 3)",2
3461,"(1, 3, 1, 1, 3, 1, 2, 3, 3, 2, 3, 3)",1
3462,"(1, 2, 1, 1, 3, 1, 2, 3, 3, 1, 2, 3)",2
3463,"(1, 2, 2, 1, 3, 2, 2, 3, 3, 2, 2, 3)",1
3464,"(2, 3, 1, 1, 3, 2, 2, 2, 3, 2, 3, 3)",1
3465,"(1, 2, 3, 3, 2, 2, 3, 3, 3, 3, 2, 3)",1
3466,"(1, 2, 2, 1, 2, 1, 3, 3, 3, 3, 2, 3)",1
3467,"(1, 2, 2, 1, 3, 3, 2, 3, 3, 1, 2, 3)",3
3468,"(1, 2, 2, 1, 3, 3, 2, 3, 3, 1, 3, 3)",1
3469,"(2, 3, 2, 2, 2, 1, 1, 2, 3, 1, 2, 3)",2
3470,"(2, 2, 2, 1, 3, 3, 1, 3, 3, 1, 2, 3)",1
3471,"(1, 2, 3, 3, 2, 1, 1, 3, 3, 1, 2, 3)",2
3472,"(1, 2, 3, 3, 2, 1, 3, 3, 3, 2, 2, 3)",1
3473,"(1, 2, 3, 2, 2, 1, 2, 3, 3, 2, 2, 3)",1
3474,"(1, 3, 1, 1, 3, 2, 2, 3, 3, 2, 2, 3)",2
3475,"(1, 2, 3, 2, 2, 2, 2, 3, 3, 2, 2, 3)",1
3476,"(1, 2, 2, 3, 2, 1, 2, 3, 3, 2, 2, 3)",1
3477,"(1, 2, 2, 1, 3, 2, 1, 3, 3, 1, 2, 3)",2
3478,"(1, 2, 2, 1, 3, 2, 2, 3, 3, 1, 2, 3)",1
3479,"(2, 3, 1, 1, 3, 1, 1, 3, 3, 1, 2, 3)",1
3480,"(2, 3, 1, 1, 3, 1, 2, 3, 3, 1, 2, 3)",2
3481,"(2, 3, 1, 1, 3, 2, 2, 3, 3, 1, 2, 3)",1
3482,"(1, 2, 3, 1, 3, 3, 3, 3, 3, 3, 2, 3)",2
3483,"(1, 2, 1, 1, 3, 2, 2, 3, 3, 1, 2, 3)",3
3484,"(1, 2, 1, 1, 3, 2, 1, 3, 3, 1, 2, 3)",1
3485,"(1, 2, 2, 1, 3, 3, 1, 3, 3, 1, 2, 3)",1
3486,"(1, 3, 2, 1, 2, 1, 1, 2, 3, 1, 2, 3)",1
3487,"(3, 3, 1, 2, 2, 1, 3, 3, 3, 3, 2, 3)",1
3488,"(1, 2, 3, 2, 2, 2, 3, 3, 3, 3, 2, 3)",2
3489,"(2, 2, 2, 1, 2, 2, 1, 3, 3, 1, 2, 3)",1
3490,"(2, 3, 1, 1, 3, 2, 1, 2, 3, 2, 2, 3)",1
3491,"(1, 2, 3, 2, 2, 1, 3, 3, 3, 3, 2, 3)",1
3492,"(1, 2, 2, 1, 3, 3, 3, 3, 3, 2, 3, 3)",1
3493,"(1, 2, 3, 1, 2, 3, 3, 3, 3, 2, 3, 3)",1
3494,"(3, 3, 3, 2, 2, 2, 1, 3, 3, 1, 2, 3)",1
3495,"(2, 3, 1, 1, 3, 2, 2, 3, 3, 3, 2, 3)",1
3496,"(1, 2, 2, 1, 2, 1, 1, 3, 3, 1, 2, 3)",1
3497,"(1, 2, 3, 3, 2, 1, 3, 3, 3, 3, 2, 3)",4
3498,"(2, 3, 3, 1, 3, 3, 1, 2, 3, 1, 3, 3)",1
3499,"(1, 2, 3, 1, 3, 3, 2, 3, 3, 2, 2, 3)",1
3500,"(2, 3, 1, 1, 2, 1, 2, 2, 3, 2, 3, 3)",1
3501,"(1, 2, 2, 2, 2, 1, 2, 3, 3, 1, 2, 3)",1
3502,"(1, 2, 2, 2, 2, 1, 1, 3, 3, 1, 2, 3)",1
3503,"(1, 2, 2, 2, 2, 1, 3, 3, 3, 2, 2, 3)",1
3504,"(1, 2, 3, 1, 3, 3, 3, 3, 3, 3, 3, 3)",3
3505,"(1, 2, 1, 1, 3, 2, 2, 3, 3, 2, 2, 3)",1
3506,"(1, 2, 2, 1, 2, 1, 3, 3, 3, 3, 2, 3)",1
3507,"(1, 2, 3, 1, 3, 3, 1, 2, 3, 1, 2, 3)",2
3508,"(2, 3, 1, 1, 3, 2, 2, 3, 3, 1, 2, 3)",1
3509,"(1, 2, 2, 2, 2, 2, 3, 3, 3, 2, 3, 3)",1
3510,"(1, 3, 1, 1, 3, 2, 2, 3, 3, 1, 2, 3)",1
3511,"(1, 2, 2, 1, 2, 1, 2, 3, 3, 1, 2, 3)",1
3512,"(1, 2, 1, 1, 3, 1, 1, 3, 3, 1, 2, 3)",1
3513,"(1, 2, 1, 1, 3, 2, 3, 3, 3, 3, 2, 3)",2
3514,"(2, 3, 2, 1, 3, 3, 1, 2, 3, 1, 2, 3)",2
3515,"(1, 2, 2, 2, 2, 1, 2, 3, 3, 2, 2, 3)",2
3516,"(1, 2, 3, 1, 2, 3, 3, 3, 3, 3, 3, 3)",1
3517,"(1, 2, 2, 1, 3, 3, 3, 3, 3, 3, 2, 3)",2
3518,"(2, 3, 3, 1, 2, 3, 1, 2, 3, 1, 3, 3)",1
3519,"(1, 2, 3, 2, 2, 2, 2, 2, 3, 3, 3, 3)",1
3520,"(2, 3, 3, 3, 2, 2, 1, 3, 3, 1, 2, 3)",1
3521,"(2, 3, 1, 1, 3, 2, 2, 3, 3, 2, 2, 3)",3
3522,"(3, 3, 1, 1, 3, 2, 1, 3, 3, 1, 2, 3)",1
3523,"(1, 2, 2, 1, 3, 3, 2, 3, 3, 1, 2, 3)",2
3524,"(1, 2, 3, 1, 3, 3, 2, 3, 3, 3, 2, 3)",1
3525,"(2, 3, 1, 1, 3, 1, 1, 2, 3, 1, 3, 3)",1
3526,"(1, 2, 2, 1, 3, 3, 2, 3, 3, 1, 3, 3)",1
3527,"(1, 3, 1, 1, 3, 1, 2, 2, 3, 3, 2, 3)",1
3528,"(2, 3, 2, 1, 2, 2, 1, 2, 3, 2, 3, 3)",1
3529,"(1, 2, 3, 3, 2, 1, 2, 3, 3, 1, 3, 3)",3
3530,"(1, 3, 1, 1, 3, 2, 2, 3, 3, 2, 2, 3)",1
3531,"(2, 3, 1, 1, 3, 2, 3, 3, 3, 3, 3, 3)",1
3532,"(2, 3, 1, 1, 3, 2, 3, 3, 3, 3, 2, 3)",1
3533,"(1, 3, 3, 3, 2, 1, 1, 2, 3, 1, 3, 3)",1
3534,"(2, 3, 1, 1, 3, 1, 1, 3, 3, 1, 2, 3)",1
3535,"(2, 3, 1, 1, 3, 1, 2, 3, 3, 1, 2, 3)",1
3536,"(2, 3, 2, 1, 3, 3, 1, 2, 3, 1, 3, 3)",1
3537,"(2, 2, 2, 1, 3, 2, 1, 3, 3, 1, 2, 3)",1
3538,"(2, 2, 2, 3, 2, 1, 3, 3, 3, 2, 2, 3)",1
3539,"(1, 2, 3, 1, 3, 3, 3, 3, 3, 3, 2, 3)",3
3540,"(1, 3, 1, 1, 3, 1, 1, 3, 3, 1, 2, 3)",1
3541,"(2, 3, 2, 1, 3, 2, 1, 2, 3, 1, 3, 3)",1
3542,"(1, 2, 3, 3, 2, 1, 2, 3, 3, 2, 2, 3)",2
3543,"(1, 2, 3, 2, 2, 2, 3, 3, 3, 3, 3, 3)",1
3544,"(1, 2, 3, 2, 2, 2, 3, 3, 3, 3, 2, 3)",1
3545,"(2, 3, 1, 1, 3, 2, 1, 2, 3, 2, 3, 3)",1
3546,"(1, 2, 2, 1, 3, 3, 3, 3, 3, 2, 2, 3)",1
3547,"(1, 2, 2, 1, 2, 2, 3, 3, 3, 3, 2, 3)",2
3548,"(1, 2, 3, 3, 2, 1, 3, 3, 3, 3, 3, 3)",1
3549,"(1, 2, 2, 1, 2, 1, 2, 3, 3, 1, 3, 3)",1
3550,"(1, 2, 3, 1, 2, 2, 2, 3, 3, 1, 3, 3)",1
3551,"(1, 2, 3, 3, 2, 1, 3, 3, 3, 3, 2, 3)",2
3552,"(1, 2, 2, 1, 2, 1, 3, 3, 3, 3, 2, 3)",1
3553,"(1, 2, 1, 1, 3, 1, 2, 3, 3, 2, 2, 3)",1
3554,"(1, 2, 3, 2, 2, 1, 2, 3, 3, 2, 2, 3)",2
3555,"(2, 3, 1, 1, 3, 2, 2, 3, 3, 1, 2, 3)",1
3556,"(2, 3, 1, 1, 3, 2, 1, 3, 3, 1, 2, 3)",1
3557,"(2, 3, 1, 1, 3, 2, 3, 3, 3, 2, 2, 3)",2
3558,"(2, 3, 1, 1, 3, 2, 2, 3, 3, 1, 3, 3)",2
3559,"(1, 2, 3, 3, 2, 1, 2, 2, 3, 3, 2, 3)",1
3560,"(2, 2, 1, 1, 3, 2, 1, 3, 3, 1, 2, 3)",1
3561,"(2, 2, 2, 3, 2, 1, 3, 3, 3, 3, 2, 3)",1
3562,"(1, 2, 3, 1, 3, 3, 3, 3, 3, 2, 2, 3)",2
3563,"(2, 3, 1, 1, 3, 2, 1, 2, 3, 1, 2, 3)",1
3564,"(2, 3, 1, 1, 3, 2, 1, 2, 3, 1, 3, 3)",1
3565,"(1, 2, 3, 1, 3, 3, 2, 3, 3, 1, 3, 3)",1
3566,"(1, 2, 3, 1, 3, 3, 1, 3, 3, 1, 2, 3)",1
3567,"(1, 3, 1, 1, 3, 1, 3, 3, 3, 3, 2, 3)",2
3568,"(1, 2, 2, 1, 3, 3, 3, 3, 3, 3, 3, 3)",1
3569,"(1, 2, 1, 1, 3, 1, 2, 3, 3, 1, 2, 3)",3
3570,"(1, 2, 2, 1, 3, 3, 3, 3, 3, 3, 2, 3)",2
3571,"(1, 2, 2, 1, 3, 2, 2, 3, 3, 2, 2, 3)",1
3572,"(1, 2, 3, 1, 2, 3, 3, 3, 3, 3, 2, 3)",2
3573,"(1, 3, 1, 1, 3, 2, 3, 3, 3, 3, 2, 3)",1
3574,"(2, 3, 1, 1, 3, 1, 2, 3, 3, 2, 2, 3)",2
3575,"(1, 2, 1, 1, 2, 1, 2, 3, 3, 1, 2, 3)",1
3576,"(1, 2, 1, 1, 2, 1, 1, 3, 3, 1, 2, 3)",1
3577,"(2, 3, 3, 1, 3, 3, 1, 2, 3, 1, 2, 3)",2
3578,"(1, 2, 2, 1, 3, 3, 2, 3, 3, 1, 3, 3)",1
3579,"(1, 2, 3, 3, 2, 1, 2, 3, 3, 1, 2, 3)",2
3580,"(1, 2, 3, 3, 2, 1, 1, 3, 3, 1, 2, 3)",2
3581,"(1, 2, 2, 2, 2, 2, 3, 3, 3, 3, 2, 3)",1
3582,"(2, 2, 1, 2, 2, 1, 2, 3, 3, 2, 2, 3)",1
3583,"(2, 3, 1, 1, 3, 1, 3, 3, 3, 2, 3, 3)",1
3584,"(1, 2, 3, 2, 2, 2, 2, 3, 3, 2, 2, 3)",1
3585,"(2, 3, 1, 1, 3, 2, 3, 3, 3, 3, 2, 3)",1
3586,"(1, 2, 2, 1, 3, 2, 2, 3, 3, 1, 2, 3)",1
3587,"(2, 3, 1, 1, 3, 1, 2, 3, 3, 1, 3, 3)",1
3588,"(2, 3, 1, 1, 3, 1, 1, 3, 3, 1, 2, 3)",1
3589,"(2, 3, 1, 1, 3, 1, 2, 3, 3, 1, 2, 3)",2
3590,"(1, 2, 2, 2, 2, 1, 3, 2, 3, 3, 2, 3)",1
3591,"(1, 2, 2, 2, 2, 1, 2, 2, 3, 3, 2, 3)",1
3592,"(2, 2, 2, 3, 2, 1, 2, 3, 3, 1, 2, 3)",1
3593,"(1, 2, 1, 1, 2, 1, 2, 3, 3, 2, 2, 3)",1
3594,"(1, 2, 3, 1, 3, 3, 3, 3, 3, 3, 2, 3)",1
3595,"(1, 3, 1, 1, 3, 1, 1, 3, 3, 1, 2, 3)",2
3596,"(1, 2, 1, 1, 3, 1, 3, 3, 3, 3, 2, 3)",1
3597,"(1, 2, 3, 3, 2, 1, 2, 3, 3, 2, 2, 3)",1
3598,"(1, 2, 3, 2, 2, 2, 3, 3, 3, 3, 3, 3)",1
3599,"(2, 3, 3, 1, 2, 2, 1, 2, 3, 1, 3, 3)",1
3600,"(1, 2, 3, 2, 2, 1, 3, 3, 3, 3, 2, 3)",1
3601,"(1, 2, 1, 1, 2, 1, 3, 3, 3, 3, 2, 3)",1
3602,"(2, 3, 3, 3, 2, 1, 1, 2, 3, 1, 2, 3)",3
3603,"(1, 2, 3, 3, 2, 1, 3, 3, 3, 3, 2, 3)",1
3604,"(1, 2, 2, 1, 2, 2, 2, 3, 3, 1, 2, 3)",1
3605,"(1, 2, 3, 1, 3, 3, 2, 3, 3, 2, 2, 3)",2
3606,"(1, 3, 3, 2, 2, 1, 1, 2, 3, 1, 2, 3)",1
3607,"(1, 2, 1, 1, 3, 1, 2, 3, 3, 2, 2, 3)",1
3608,"(1, 2, 2, 2, 2, 1, 1, 3, 3, 1, 2, 3)",3
3609,"(1, 2, 2, 2, 2, 1, 3, 3, 3, 2, 2, 3)",1
3610,"(1, 2, 1, 1, 3, 2, 2, 3, 3, 2, 2, 3)",3
3611,"(1, 2, 3, 3, 2, 1, 3, 3, 3, 3, 3, 3)",1
3612,"(1, 2, 2, 1, 3, 3, 2, 3, 3, 2, 2, 3)",2
3613,"(1, 2, 3, 3, 2, 1, 2, 3, 3, 2, 2, 3)",1
3614,"(2, 3, 1, 1, 3, 2, 1, 3, 3, 1, 2, 3)",1
3615,"(2, 3, 1, 1, 3, 2, 2, 3, 3, 1, 3, 3)",1
3616,"(1, 2, 3, 1, 2, 3, 2, 3, 3, 2, 2, 3)",1
3617,"(1, 3, 1, 1, 3, 2, 2, 3, 3, 1, 2, 3)",2
3618,"(3, 3, 3, 3, 2, 2, 1, 3, 3, 1, 2, 3)",1
3619,"(1, 2, 3, 1, 3, 3, 3, 3, 3, 2, 2, 3)",2
3620,"(1, 2, 2, 1, 2, 1, 2, 3, 3, 1, 2, 3)",1
3621,"(2, 3, 2, 1, 2, 2, 1, 2, 3, 1, 2, 3)",2
3622,"(1, 2, 2, 2, 2, 1, 2, 2, 3, 2, 3, 3)",1
3623,"(1, 2, 3, 1, 3, 3, 2, 3, 3, 1, 2, 3)",1
3624,"(1, 2, 1, 1, 3, 1, 1, 3, 3, 1, 2, 3)",1
3625,"(1, 2, 1, 1, 3, 1, 2, 3, 3, 1, 2, 3)",1
3626,"(2, 3, 2, 1, 3, 3, 1, 2, 3, 1, 3, 3)",1
3627,"(1, 2, 2, 1, 3, 2, 2, 3, 3, 2, 2, 3)",1
3628,"(3, 3, 2, 1, 3, 3, 1, 3, 3, 1, 2, 3)",1
3629,"(1, 2, 2, 1, 3, 3, 3, 3, 3, 3, 2, 3)",1
3630,"(1, 2, 3, 3, 3, 1, 2, 3, 3, 1, 2, 3)",1
3631,"(2, 3, 1, 1, 3, 2, 2, 3, 3, 2, 2, 3)",1
3632,"(1, 3, 1, 1, 3, 1, 2, 3, 3, 1, 2, 3)",1
3633,"(1, 2, 1, 1, 2, 1, 2, 3, 3, 1, 2, 3)",2
3634,"(1, 2, 2, 1, 2, 2, 1, 3, 3, 1, 2, 3)",1
3635,"(1, 2, 2, 1, 3, 3, 2, 3, 3, 1, 2, 3)",2
3636,"(1, 2, 2, 1, 3, 3, 3, 2, 3, 3, 3, 3)",1
3637,"(1, 2, 3, 3, 2, 1, 2, 3, 3, 1, 2, 3)",1
3638,"(1, 2, 3, 3, 2, 1, 3, 3, 3, 2, 3, 3)",1
3639,"(1, 2, 3, 3, 2, 1, 1, 2, 3, 1, 2, 3)",1
3640,"(2, 3, 1, 1, 3, 1, 2, 3, 3, 1, 2, 3)",3
3641,"(1, 2, 2, 1, 2, 1, 2, 3, 3, 2, 2, 3)",1
3642,"(1, 2, 3, 3, 2, 1, 2, 2, 3, 2, 2, 3)",1
3643,"(1, 2, 3, 2, 3, 3, 2, 3, 3, 1, 2, 3)",1
3644,"(1, 2, 1, 1, 2, 1, 2, 3, 3, 2, 2, 3)",2
3645,"(1, 2, 3, 1, 3, 3, 3, 3, 3, 3, 2, 3)",3
3646,"(1, 3, 2, 1, 3, 2, 1, 2, 3, 1, 2, 3)",1
3647,"(1, 2, 1, 1, 3, 2, 2, 3, 3, 1, 2, 3)",1
3648,"(2, 3, 2, 1, 2, 2, 1, 3, 3, 1, 2, 3)",1
3649,"(1, 2, 1, 1, 3, 2, 3, 3, 3, 2, 2, 3)",1
3650,"(2, 3, 3, 2, 2, 2, 1, 2, 3, 1, 2, 3)",1
3651,"(1, 2, 3, 2, 2, 2, 3, 3, 3, 3, 2, 3)",1
3652,"(1, 2, 3, 3, 3, 2, 1, 3, 3, 1, 2, 3)",1
3653,"(1, 2, 3, 2, 2, 1, 3, 3, 3, 3, 2, 3)",1
3654,"(1, 2, 2, 2, 3, 1, 2, 3, 3, 1, 2, 3)",1
3655,"(1, 2, 3, 2, 2, 2, 2, 3, 3, 1, 2, 3)",1
3656,"(1, 2, 3, 3, 2, 1, 3, 3, 3, 3, 2, 3)",3
3657,"(1, 2, 3, 1, 3, 3, 2, 3, 3, 2, 2, 3)",1
3658,"(1, 2, 1, 1, 3, 2, 2, 2, 3, 2, 3, 3)",1
3659,"(2, 3, 1, 1, 3, 2, 1, 3, 3, 1, 3, 3)",1
3660,"(1, 2, 1, 1, 3, 1, 2, 3, 3, 2, 2, 3)",1
3661,"(1, 2, 1, 1, 3, 1, 2, 2, 3, 2, 2, 3)",1
3662,"(1, 2, 2, 1, 3, 3, 2, 3, 3, 2, 3, 3)",1
3663,"(1, 2, 1, 1, 3, 2, 2, 3, 3, 2, 2, 3)",1
3664,"(1, 2, 2, 1, 3, 3, 2, 3, 3, 2, 2, 3)",1
3665,"(1, 2, 2, 1, 3, 2, 3, 3, 3, 3, 2, 3)",1
3666,"(2, 3, 1, 1, 3, 1, 3, 3, 3, 3, 2, 3)",1
3667,"(2, 3, 1, 1, 3, 2, 2, 3, 3, 1, 2, 3)",1
3668,"(2, 3, 1, 1, 3, 2, 1, 3, 3, 1, 2, 3)",2
3669,"(1, 2, 2, 2, 2, 1, 1, 2, 3, 1, 2, 3)",1
3670,"(2, 3, 2, 1, 2, 1, 1, 2, 3, 1, 2, 3)",1
3671,"(1, 2, 3, 1, 2, 2, 3, 3, 3, 2, 2, 3)",1
3672,"(1, 3, 1, 1, 3, 2, 2, 3, 3, 1, 2, 3)",1
3673,"(1, 2, 3, 1, 3, 3, 3, 3, 3, 2, 3, 3)",1
3674,"(1, 3, 1, 1, 3, 1, 3, 3, 3, 2, 2, 3)",1
3675,"(1, 2, 3, 1, 3, 3, 3, 3, 3, 2, 2, 3)",1
3676,"(1, 2, 2, 1, 2, 1, 2, 3, 3, 1, 2, 3)",1
3677,"(1, 2, 1, 1, 3, 2, 3, 3, 3, 3, 2, 3)",1
3678,"(1, 2, 3, 1, 3, 3, 2, 3, 3, 1, 3, 3)",1
3679,"(1, 2, 3, 1, 3, 3, 1, 3, 3, 1, 2, 3)",2
3680,"(1, 2, 3, 1, 3, 3, 2, 3, 3, 1, 2, 3)",1
3681,"(1, 2, 1, 1, 3, 1, 2, 3, 3, 1, 3, 3)",1
3682,"(1, 2, 3, 2, 2, 2, 1, 3, 3, 1, 2, 3)",1
3683,"(2, 3, 2, 1, 3, 3, 1, 2, 3, 1, 2, 3)",1
3684,"(3, 3, 1, 2, 2, 1, 3, 3, 3, 3, 2, 3)",1
3685,"(1, 2, 1, 1, 3, 1, 1, 3, 3, 1, 3, 3)",1
3686,"(1, 2, 2, 1, 3, 2, 2, 3, 3, 2, 2, 3)",1
3687,"(2, 3, 3, 1, 2, 3, 1, 2, 3, 1, 3, 3)",1
3688,"(1, 3, 1, 1, 3, 2, 3, 3, 3, 3, 2, 3)",1
3689,"(2, 3, 1, 1, 3, 2, 2, 3, 3, 2, 2, 3)",2
3690,"(1, 3, 1, 1, 3, 1, 2, 3, 3, 1, 2, 3)",1
3691,"(1, 2, 2, 1, 2, 2, 2, 3, 3, 1, 2, 3)",1
3692,"(1, 2, 1, 1, 2, 1, 1, 3, 3, 1, 2, 3)",2
3693,"(1, 2, 3, 1, 3, 3, 2, 3, 3, 3, 2, 3)",1
3694,"(1, 2, 3, 2, 3, 2, 1, 3, 3, 1, 2, 3)",1
3695,"(1, 2, 3, 3, 2, 1, 2, 3, 3, 1, 2, 3)",1
3696,"(1, 2, 3, 3, 2, 1, 1, 3, 3, 1, 2, 3)",2
3697,"(1, 2, 3, 3, 2, 2, 1, 3, 3, 1, 2, 3)",1
3698,"(2, 3, 3, 2, 2, 1, 1, 2, 3, 1, 2, 3)",1
3699,"(1, 2, 2, 1, 3, 2, 2, 3, 3, 1, 2, 3)",1
3700,"(2, 3, 3, 2, 2, 2, 1, 3, 3, 1, 2, 3)",1
3701,"(2, 3, 1, 1, 3, 1, 2, 3, 3, 1, 2, 3)",1
3702,"(1, 2, 2, 2, 2, 1, 2, 2, 3, 3, 3, 3)",1
3703,"(1, 2, 3, 3, 2, 1, 2, 2, 3, 2, 2, 3)",1
3704,"(1, 2, 2, 1, 2, 1, 2, 3, 3, 2, 3, 3)",1
3705,"(1, 2, 3, 2, 3, 3, 2, 3, 3, 1, 2, 3)",1
3706,"(1, 2, 2, 1, 2, 2, 2, 3, 3, 2, 2, 3)",1
3707,"(1, 2, 3, 1, 3, 3, 3, 3, 3, 3, 2, 3)",2
3708,"(2, 3, 1, 1, 2, 1, 2, 3, 3, 1, 2, 3)",2
3709,"(2, 3, 1, 1, 2, 1, 3, 3, 3, 2, 2, 3)",1
3710,"(1, 2, 1, 1, 3, 2, 2, 3, 3, 1, 3, 3)",1
3711,"(2, 3, 3, 1, 3, 3, 1, 2, 3, 2, 2, 3)",1
3712,"(1, 2, 3, 3, 3, 2, 2, 3, 3, 1, 2, 3)",1
3713,"(2, 3, 3, 3, 2, 1, 1, 3, 3, 1, 2, 3)",1
3714,"(1, 2, 1, 1, 3, 3, 2, 3, 3, 1, 3, 3)",1
3715,"(1, 2, 3, 1, 2, 3, 1, 3, 3, 1, 2, 3)",1
3716,"(2, 3, 1, 1, 2, 1, 3, 3, 3, 3, 2, 3)",1
3717,"(1, 2, 2, 2, 2, 1, 2, 3, 3, 1, 2, 3)",1
3718,"(2, 3, 3, 3, 2, 1, 1, 2, 3, 1, 2, 3)",1
3719,"(1, 2, 2, 1, 2, 2, 2, 3, 3, 1, 3, 3)",1
3720,"(1, 2, 2, 1, 2, 1, 1, 3, 3, 1, 2, 3)",1
3721,"(1, 2, 3, 3, 2, 1, 3, 3, 3, 3, 2, 3)",1
3722,"(1, 2, 2, 1, 2, 1, 3, 3, 3, 3, 2, 3)",1
3723,"(1, 2, 3, 1, 3, 3, 2, 3, 3, 2, 3, 3)",1
3724,"(1, 2, 2, 2, 2, 1, 2, 3, 3, 1, 2, 3)",1
3725,"(1, 2, 3, 3, 2, 2, 2, 3, 3, 1, 2, 3)",1
3726,"(1, 2, 1, 1, 3, 1, 3, 3, 3, 3, 2, 3)",2
3727,"(1, 2, 1, 1, 3, 2, 2, 3, 3, 2, 2, 3)",1
3728,"(1, 2, 3, 2, 2, 1, 2, 3, 3, 2, 2, 3)",1
3729,"(1, 2, 2, 1, 3, 3, 2, 3, 3, 2, 2, 3)",1
3730,"(1, 2, 2, 1, 3, 2, 3, 3, 3, 3, 2, 3)",1
3731,"(2, 3, 1, 1, 3, 1, 3, 3, 3, 3, 2, 3)",1
3732,"(2, 3, 1, 1, 3, 2, 2, 3, 3, 1, 2, 3)",1
3733,"(1, 3, 2, 2, 2, 1, 1, 2, 3, 1, 2, 3)",1
3734,"(1, 2, 2, 2, 2, 1, 2, 2, 3, 2, 3, 3)",1
3735,"(1, 2, 3, 1, 3, 3, 1, 3, 3, 1, 2, 3)",2
3736,"(1, 2, 3, 1, 3, 3, 2, 3, 3, 1, 2, 3)",3
3737,"(1, 2, 2, 1, 2, 2, 2, 3, 3, 2, 2, 3)",1
3738,"(1, 2, 3, 2, 2, 2, 1, 3, 3, 1, 2, 3)",1
3739,"(2, 3, 2, 1, 3, 3, 1, 2, 3, 1, 2, 3)",1
3740,"(1, 2, 2, 1, 3, 3, 3, 3, 3, 3, 2, 3)",1
3741,"(1, 2, 3, 1, 2, 2, 1, 3, 3, 1, 3, 3)",1
3742,"(1, 2, 3, 2, 2, 1, 3, 3, 3, 2, 2, 3)",1
3743,"(3, 3, 2, 1, 3, 3, 1, 3, 3, 1, 2, 3)",1
3744,"(2, 3, 3, 3, 2, 2, 1, 3, 3, 1, 2, 3)",1
3745,"(1, 3, 1, 1, 3, 1, 2, 3, 3, 1, 2, 3)",1
3746,"(1, 2, 3, 2, 2, 2, 3, 3, 3, 2, 2, 3)",2
3747,"(1, 2, 2, 1, 2, 2, 1, 3, 3, 1, 2, 3)",1
3748,"(1, 2, 2, 1, 3, 3, 2, 3, 3, 1, 2, 3)",2
3749,"(2, 3, 3, 1, 3, 3, 1, 2, 3, 1, 2, 3)",1
3750,"(1, 2, 1, 1, 2, 1, 3, 3, 3, 2, 3, 3)",1
3751,"(1, 2, 3, 3, 2, 1, 2, 3, 3, 1, 2, 3)",2
3752,"(1, 2, 3, 3, 2, 1, 1, 3, 3, 1, 2, 3)",1
3753,"(1, 2, 3, 3, 2, 1, 3, 3, 3, 2, 2, 3)",1
3754,"(1, 2, 2, 1, 2, 2, 2, 3, 3, 1, 2, 3)",1
3755,"(1, 2, 3, 3, 2, 1, 3, 3, 3, 2, 3, 3)",1
3756,"(1, 3, 1, 1, 3, 2, 2, 3, 3, 2, 2, 3)",1
3757,"(1, 2, 2, 1, 3, 2, 3, 3, 3, 2, 2, 3)",1
3758,"(2, 3, 1, 1, 3, 1, 3, 3, 3, 2, 2, 3)",1
3759,"(1, 2, 3, 2, 2, 3, 3, 3, 3, 3, 2, 3)",1
3760,"(2, 3, 1, 1, 3, 1, 2, 3, 3, 2, 2, 3)",1
3761,"(1, 2, 2, 1, 3, 3, 2, 3, 3, 3, 2, 3)",1
3762,"(2, 3, 1, 1, 3, 1, 2, 3, 3, 1, 2, 3)",2
3763,"(2, 3, 2, 1, 3, 3, 1, 2, 3, 1, 3, 3)",1
3764,"(2, 3, 3, 2, 2, 1, 1, 3, 3, 1, 2, 3)",1
3765,"(2, 3, 1, 2, 2, 1, 1, 3, 3, 1, 2, 3)",1
3766,"(1, 2, 3, 2, 3, 3, 1, 3, 3, 1, 2, 3)",1
3767,"(1, 2, 3, 1, 3, 3, 3, 3, 3, 3, 2, 3)",2
3768,"(1, 2, 3, 1, 3, 3, 3, 3, 3, 3, 3, 3)",1
3769,"(1, 2, 1, 1, 3, 2, 2, 3, 3, 1, 2, 3)",1
3770,"(1, 2, 1, 1, 3, 2, 1, 3, 3, 1, 2, 3)",1
3771,"(2, 3, 1, 1, 2, 1, 2, 3, 3, 1, 3, 3)",1
3772,"(1, 3, 2, 2, 2, 1, 1, 2, 3, 2, 2, 3)",1
3773,"(2, 3, 2, 1, 2, 2, 1, 2, 3, 1, 2, 3)",1
3774,"(2, 3, 1, 1, 2, 1, 3, 2, 3, 3, 2, 3)",1
3775,"(1, 2, 2, 2, 3, 1, 1, 3, 3, 1, 2, 3)",1
3776,"(2, 3, 3, 3, 2, 1, 1, 2, 3, 1, 2, 3)",1
3777,"(1, 2, 3, 3, 2, 1, 3, 3, 3, 3, 2, 3)",2
3778,"(1, 2, 2, 1, 2, 2, 2, 3, 3, 1, 2, 3)",1
3779,"(3, 3, 2, 2, 2, 1, 1, 2, 3, 1, 2, 3)",1
3780,"(1, 2, 1, 1, 3, 1, 2, 3, 3, 2, 2, 3)",2
3781,"(1, 2, 3, 2, 2, 3, 3, 3, 3, 2, 2, 3)",1
3782,"(1, 2, 1, 1, 3, 2, 2, 3, 3, 2, 2, 3)",1
3783,"(1, 2, 3, 2, 2, 1, 2, 3, 3, 2, 2, 3)",1
3784,"(1, 2, 2, 1, 3, 3, 2, 3, 3, 2, 2, 3)",1
3785,"(2, 3, 1, 1, 2, 1, 1, 3, 3, 1, 2, 3)",1
3786,"(1, 2, 3, 1, 3, 3, 1, 2, 3, 1, 2, 3)",1
3787,"(2, 3, 1, 1, 3, 2, 2, 3, 3, 1, 2, 3)",1
3788,"(2, 3, 1, 1, 3, 2, 1, 3, 3, 1, 2, 3)",1
3789,"(1, 2, 3, 3, 2, 1, 2, 2, 3, 3, 3, 3)",1
3790,"(1, 2, 2, 1, 3, 3, 1, 3, 3, 1, 2, 3)",1
3791,"(3, 3, 3, 3, 2, 2, 1, 3, 3, 1, 2, 3)",1
3792,"(1, 2, 3, 1, 3, 3, 3, 3, 3, 2, 2, 3)",1
3793,"(1, 2, 2, 1, 2, 1, 2, 3, 3, 1, 2, 3)",1
3794,"(1, 2, 1, 1, 3, 2, 3, 3, 3, 3, 2, 3)",1
3795,"(1, 2, 3, 1, 2, 3, 1, 2, 3, 1, 2, 3)",1
3796,"(3, 3, 1, 2, 2, 1, 3, 3, 3, 3, 2, 3)",1
3797,"(2, 3, 3, 2, 2, 3, 1, 2, 3, 1, 2, 3)",1
3798,"(2, 3, 2, 1, 3, 3, 1, 2, 3, 1, 2, 3)",1
3799,"(1, 2, 1, 1, 3, 1, 2, 3, 3, 1, 2, 3)",2
3800,"(1, 2, 3, 1, 2, 3, 3, 3, 3, 3, 3, 3)",1
3801,"(1, 2, 2, 1, 3, 2, 2, 3, 3, 2, 2, 3)",2
3802,"(2, 3, 3, 3, 2, 2, 1, 3, 3, 1, 2, 3)",2
3803,"(2, 3, 2, 2, 2, 1, 1, 3, 3, 1, 2, 3)",1
3804,"(2, 3, 1, 1, 3, 1, 2, 3, 3, 2, 3, 3)",1
3805,"(2, 3, 1, 1, 3, 2, 2, 3, 3, 2, 2, 3)",1
3806,"(1, 2, 2, 1, 2, 1, 3, 3, 3, 3, 2, 3)",1
3807,"(1, 2, 1, 1, 2, 1, 3, 3, 3, 2, 2, 3)",2
3808,"(1, 2, 2, 2, 2, 1, 3, 3, 3, 3, 3, 3)",1
3809,"(1, 2, 3, 2, 2, 2, 1, 2, 3, 1, 3, 3)",1
3810,"(1, 2, 3, 3, 2, 1, 2, 3, 3, 1, 2, 3)",1
3811,"(1, 2, 3, 3, 2, 1, 2, 3, 3, 1, 3, 3)",2
3812,"(1, 2, 2, 1, 3, 2, 3, 3, 3, 2, 3, 3)",1
3813,"(1, 2, 3, 3, 2, 1, 3, 3, 3, 2, 3, 3)",1
3814,"(1, 3, 1, 1, 3, 2, 2, 3, 3, 2, 2, 3)",1
3815,"(2, 3, 1, 1, 3, 2, 3, 3, 3, 3, 3, 3)",1
3816,"(1, 2, 3, 2, 2, 2, 3, 3, 3, 2, 2, 3)",1
3817,"(2, 3, 1, 1, 3, 2, 3, 3, 3, 3, 2, 3)",1
3818,"(2, 3, 1, 1, 3, 1, 2, 3, 3, 2, 2, 3)",1
3819,"(1, 2, 2, 1, 3, 2, 1, 3, 3, 1, 2, 3)",1
3820,"(1, 2, 3, 1, 2, 2, 1, 3, 3, 1, 2, 3)",1
3821,"(1, 2, 2, 2, 2, 1, 2, 3, 3, 1, 2, 3)",1
3822,"(2, 3, 1, 1, 3, 1, 1, 3, 3, 1, 2, 3)",1
3823,"(1, 2, 2, 1, 2, 1, 2, 3, 3, 2, 2, 3)",1
3824,"(1, 2, 3, 2, 2, 1, 2, 3, 3, 1, 2, 3)",1
3825,"(1, 2, 3, 2, 3, 3, 1, 3, 3, 1, 2, 3)",1
3826,"(1, 2, 3, 3, 2, 2, 2, 3, 3, 2, 2, 3)",1
3827,"(1, 2, 1, 1, 3, 2, 1, 3, 3, 1, 2, 3)",1
3828,"(2, 3, 2, 1, 3, 2, 1, 2, 3, 1, 2, 3)",1
3829,"(1, 2, 3, 3, 2, 1, 2, 3, 3, 2, 2, 3)",1
3830,"(1, 2, 3, 2, 2, 2, 3, 3, 3, 3, 2, 3)",4
3831,"(1, 2, 3, 3, 3, 2, 2, 3, 3, 1, 2, 3)",1
3832,"(1, 2, 3, 3, 3, 2, 1, 3, 3, 1, 2, 3)",1
3833,"(1, 2, 3, 1, 3, 3, 3, 3, 3, 3, 2, 3)",1
3834,"(1, 2, 2, 1, 2, 1, 3, 3, 3, 2, 3, 3)",1
3835,"(1, 2, 3, 2, 2, 2, 2, 3, 3, 1, 2, 3)",1
3836,"(2, 3, 1, 1, 3, 2, 3, 3, 3, 3, 2, 3)",1
3837,"(1, 2, 3, 3, 2, 1, 3, 3, 3, 3, 2, 3)",2
3838,"(1, 2, 3, 1, 2, 3, 1, 2, 3, 1, 2, 3)",1
3839,"(1, 2, 3, 1, 3, 3, 2, 3, 3, 2, 2, 3)",3
3840,"(1, 2, 3, 3, 3, 3, 1, 3, 3, 1, 2, 3)",1
3841,"(1, 2, 3, 3, 2, 2, 1, 3, 3, 1, 2, 3)",1
3842,"(2, 3, 3, 1, 3, 3, 1, 2, 3, 1, 3, 3)",1
3843,"(1, 2, 2, 2, 2, 1, 3, 3, 3, 2, 2, 3)",1
3844,"(2, 3, 3, 3, 2, 1, 1, 2, 3, 1, 2, 3)",1
3845,"(1, 2, 3, 2, 2, 3, 1, 3, 3, 1, 2, 3)",1
3846,"(2, 3, 2, 3, 2, 1, 1, 2, 3, 1, 2, 3)",1
3847,"(1, 2, 3, 3, 2, 1, 3, 2, 3, 3, 2, 3)",1
3848,"(1, 2, 3, 1, 2, 2, 3, 3, 3, 3, 2, 3)",1
3849,"(1, 2, 3, 1, 3, 3, 3, 3, 3, 2, 2, 3)",1
3850,"(2, 3, 2, 1, 3, 3, 1, 2, 3, 1, 2, 3)",2
3851,"(1, 2, 1, 1, 3, 2, 3, 3, 3, 3, 2, 3)",1
3852,"(1, 2, 3, 1, 3, 3, 1, 3, 3, 1, 2, 3)",1
3853,"(1, 2, 3, 1, 3, 3, 2, 3, 3, 1, 2, 3)",2
3854,"(1, 2, 2, 1, 3, 3, 3, 3, 3, 3, 3, 3)",2
3855,"(1, 2, 2, 2, 2, 1, 2, 3, 3, 2, 2, 3)",1
3856,"(1, 2, 3, 3, 2, 1, 2, 3, 3, 3, 2, 3)",1
3857,"(1, 2, 2, 1, 3, 2, 2, 3, 3, 2, 2, 3)",1
3858,"(2, 3, 1, 1, 3, 2, 2, 2, 3, 2, 3, 3)",1
3859,"(2, 3, 3, 3, 2, 2, 1, 3, 3, 1, 2, 3)",1
3860,"(2, 3, 2, 2, 2, 1, 1, 3, 3, 1, 2, 3)",1
3861,"(2, 3, 1, 1, 3, 2, 2, 3, 3, 2, 2, 3)",1
3862,"(1, 3, 1, 1, 3, 1, 2, 3, 3, 1, 2, 3)",1
3863,"(1, 2, 1, 1, 2, 1, 2, 3, 3, 1, 2, 3)",1
3864,"(1, 2, 3, 2, 2, 2, 1, 2, 3, 1, 2, 3)",1
3865,"(1, 2, 2, 1, 3, 3, 2, 3, 3, 1, 3, 3)",1
3866,"(1, 2, 3, 3, 2, 1, 2, 3, 3, 1, 2, 3)",1
3867,"(1, 2, 2, 2, 2, 1, 3, 3, 3, 3, 2, 3)",1
3868,"(1, 2, 2, 3, 2, 1, 1, 3, 3, 2, 2, 3)",1
3869,"(1, 2, 1, 1, 3, 1, 2, 3, 3, 2, 2, 3)",1
3870,"(3, 3, 3, 3, 2, 1, 1, 2, 3, 1, 2, 3)",1
3871,"(1, 2, 3, 2, 2, 3, 3, 3, 3, 3, 2, 3)",1
3872,"(2, 3, 2, 1, 3, 3, 1, 2, 3, 2, 2, 3)",1
3873,"(1, 2, 2, 2, 3, 2, 2, 3, 3, 1, 2, 3)",2
3874,"(1, 2, 2, 1, 3, 2, 2, 3, 3, 1, 2, 3)",1
3875,"(2, 3, 2, 1, 2, 2, 1, 2, 3, 2, 2, 3)",1
3876,"(1, 2, 2, 1, 2, 1, 2, 3, 3, 2, 2, 3)",2
3877,"(1, 3, 1, 1, 3, 1, 3, 3, 3, 3, 3, 3)",1
3878,"(1, 2, 2, 1, 2, 1, 1, 3, 3, 1, 2, 3)",1
3879,"(1, 2, 3, 1, 3, 3, 3, 3, 3, 3, 2, 3)",2
3880,"(1, 2, 1, 1, 3, 2, 2, 3, 3, 1, 2, 3)",1
3881,"(1, 2, 2, 1, 3, 2, 2, 3, 3, 3, 2, 3)",1
3882,"(2, 3, 3, 2, 2, 2, 1, 2, 3, 1, 2, 3)",1
3883,"(1, 2, 1, 1, 3, 2, 3, 3, 3, 2, 3, 3)",1
3884,"(1, 3, 1, 1, 3, 2, 1, 3, 3, 1, 2, 3)",1
3885,"(1, 2, 3, 2, 2, 3, 2, 3, 3, 2, 2, 3)",1
3886,"(1, 2, 2, 1, 3, 3, 3, 3, 3, 2, 2, 3)",2
3887,"(2, 3, 2, 1, 2, 2, 1, 2, 3, 1, 2, 3)",2
3888,"(1, 2, 2, 1, 3, 3, 1, 2, 3, 2, 2, 3)",1
3889,"(1, 2, 3, 1, 2, 2, 2, 2, 3, 2, 3, 3)",1
3890,"(1, 2, 2, 1, 2, 1, 1, 3, 3, 1, 2, 3)",1
3891,"(1, 2, 2, 2, 2, 1, 2, 3, 3, 2, 2, 3)",1
3892,"(1, 2, 3, 3, 2, 2, 2, 3, 3, 1, 2, 3)",2
3893,"(1, 2, 1, 1, 3, 1, 2, 3, 3, 2, 3, 3)",1
3894,"(1, 2, 1, 1, 3, 2, 2, 3, 3, 2, 2, 3)",2
3895,"(1, 2, 2, 1, 3, 3, 2, 3, 3, 2, 2, 3)",1
3896,"(2, 3, 2, 1, 2, 2, 1, 3, 3, 1, 2, 3)",1
3897,"(2, 3, 1, 1, 3, 2, 2, 3, 3, 1, 2, 3)",1
3898,"(2, 3, 3, 2, 2, 2, 1, 2, 3, 1, 2, 3)",1
3899,"(1, 2, 3, 2, 2, 2, 1, 2, 3, 1, 2, 3)",1
3900,"(1, 3, 1, 1, 3, 2, 2, 3, 3, 1, 2, 3)",1
3901,"(3, 3, 2, 2, 2, 1, 1, 3, 3, 1, 2, 3)",1
3902,"(1, 2, 2, 1, 3, 3, 1, 2, 3, 2, 3, 3)",1
3903,"(1, 3, 3, 2, 2, 2, 1, 2, 3, 1, 3, 3)",1
3904,"(1, 2, 1, 1, 3, 2, 3, 3, 3, 3, 2, 3)",1
3905,"(2, 3, 2, 2, 2, 1, 1, 2, 3, 1, 2, 3)",1
3906,"(1, 2, 3, 1, 3, 3, 1, 3, 3, 1, 2, 3)",1
3907,"(1, 2, 3, 1, 3, 3, 2, 3, 3, 1, 2, 3)",3
3908,"(1, 2, 1, 1, 3, 1, 1, 3, 3, 1, 2, 3)",1
3909,"(1, 2, 1, 1, 3, 1, 2, 3, 3, 1, 2, 3)",2
3910,"(2, 3, 3, 1, 2, 3, 1, 2, 3, 1, 2, 3)",1
3911,"(1, 2, 2, 1, 3, 3, 3, 3, 3, 3, 2, 3)",1
3912,"(1, 2, 3, 1, 2, 3, 3, 3, 3, 3, 2, 3)",1
3913,"(1, 2, 3, 2, 2, 1, 1, 3, 3, 1, 2, 3)",1
3914,"(1, 2, 3, 2, 2, 2, 3, 3, 3, 2, 2, 3)",1
3915,"(1, 2, 3, 3, 3, 1, 2, 3, 3, 1, 2, 3)",1
3916,"(1, 2, 3, 2, 2, 2, 3, 3, 3, 2, 3, 3)",1
3917,"(1, 3, 1, 1, 3, 1, 2, 3, 3, 1, 2, 3)",1
3918,"(2, 3, 3, 1, 3, 3, 1, 2, 3, 1, 3, 3)",1
3919,"(1, 3, 1, 1, 3, 1, 2, 3, 3, 1, 3, 3)",1
3920,"(1, 2, 1, 1, 2, 1, 3, 3, 3, 2, 2, 3)",2
3921,"(2, 3, 3, 1, 3, 3, 1, 2, 3, 1, 2, 3)",2
3922,"(2, 3, 3, 3, 2, 1, 1, 3, 3, 1, 2, 3)",1
3923,"(1, 2, 3, 2, 3, 2, 1, 3, 3, 1, 2, 3)",1
3924,"(1, 2, 3, 3, 2, 1, 1, 3, 3, 1, 2, 3)",1
3925,"(1, 2, 3, 3, 2, 1, 3, 3, 3, 2, 2, 3)",1
3926,"(1, 2, 3, 3, 2, 1, 2, 3, 3, 1, 3, 3)",1
3927,"(1, 2, 2, 2, 2, 2, 2, 3, 3, 1, 3, 3)",1
3928,"(1, 2, 2, 1, 2, 2, 1, 2, 3, 1, 3, 3)",1
3929,"(2, 3, 3, 2, 2, 1, 1, 2, 3, 1, 3, 3)",1
3930,"(2, 3, 1, 1, 3, 1, 3, 3, 3, 2, 2, 3)",1
3931,"(1, 2, 2, 2, 3, 2, 2, 3, 3, 1, 2, 3)",1
3932,"(1, 2, 2, 1, 3, 2, 1, 3, 3, 1, 2, 3)",1
3933,"(1, 2, 2, 1, 3, 2, 2, 3, 3, 1, 2, 3)",1
3934,"(1, 2, 2, 2, 2, 1, 3, 3, 3, 2, 3, 3)",1
3935,"(2, 3, 1, 1, 3, 1, 1, 3, 3, 1, 2, 3)",2
3936,"(2, 3, 1, 1, 3, 1, 2, 3, 3, 1, 2, 3)",1
3937,"(2, 3, 2, 1, 3, 3, 1, 2, 3, 1, 3, 3)",1
3938,"(1, 2, 2, 1, 2, 1, 2, 3, 3, 2, 2, 3)",1
3939,"(2, 2, 2, 3, 2, 1, 3, 3, 3, 2, 2, 3)",1
3940,"(1, 2, 3, 1, 3, 3, 3, 3, 3, 3, 2, 3)",1
3941,"(2, 3, 1, 1, 2, 1, 2, 3, 3, 2, 2, 3)",1
3942,"(1, 2, 1, 1, 3, 2, 1, 3, 3, 1, 2, 3)",2
3943,"(1, 2, 2, 1, 3, 3, 1, 3, 3, 1, 2, 3)",1
3944,"(1, 2, 3, 3, 2, 1, 2, 3, 3, 2, 2, 3)",2
3945,"(2, 3, 3, 1, 3, 3, 1, 2, 3, 2, 2, 3)",1
3946,"(1, 2, 3, 3, 3, 2, 1, 3, 3, 1, 2, 3)",1
3947,"(3, 3, 1, 2, 2, 1, 3, 3, 3, 2, 2, 3)",1
3948,"(1, 2, 2, 1, 3, 3, 3, 3, 3, 2, 2, 3)",1
3949,"(1, 2, 3, 2, 2, 1, 3, 3, 3, 3, 2, 3)",1
3950,"(1, 2, 2, 1, 2, 1, 3, 3, 3, 2, 2, 3)",1
3951,"(3, 3, 3, 2, 2, 2, 1, 3, 3, 1, 2, 3)",1
3952,"(2, 3, 3, 3, 2, 1, 1, 2, 3, 1, 2, 3)",1
3953,"(2, 3, 3, 1, 2, 3, 1, 2, 3, 2, 2, 3)",1
3954,"(1, 2, 2, 1, 3, 3, 1, 2, 3, 1, 2, 3)",1
3955,"(1, 2, 3, 2, 2, 2, 3, 3, 3, 2, 2, 3)",1
3956,"(1, 2, 3, 1, 3, 3, 2, 2, 3, 2, 3, 3)",1
3957,"(1, 3, 1, 1, 3, 2, 2, 3, 3, 3, 2, 3)",1
3958,"(1, 2, 2, 2, 2, 1, 2, 3, 3, 1, 2, 3)",1
3959,"(1, 2, 2, 2, 2, 1, 1, 3, 3, 1, 2, 3)",2
3960,"(1, 2, 1, 1, 3, 1, 3, 3, 3, 3, 2, 3)",1
3961,"(1, 2, 1, 1, 3, 2, 2, 3, 3, 2, 2, 3)",1
3962,"(2, 3, 1, 1, 3, 2, 2, 3, 3, 1, 2, 3)",2
3963,"(1, 2, 2, 2, 2, 1, 1, 2, 3, 1, 2, 3)",1
3964,"(2, 3, 1, 1, 3, 1, 3, 3, 3, 3, 3, 3)",1
3965,"(1, 2, 3, 1, 3, 3, 3, 3, 3, 2, 3, 3)",1
3966,"(1, 2, 3, 1, 3, 3, 3, 3, 3, 2, 2, 3)",1
3967,"(1, 2, 1, 1, 3, 1, 3, 3, 3, 2, 3, 3)",1
3968,"(1, 2, 1, 1, 3, 2, 3, 3, 3, 3, 2, 3)",2
3969,"(1, 2, 2, 2, 2, 1, 2, 3, 3, 2, 2, 3)",1
3970,"(1, 2, 3, 1, 3, 3, 1, 3, 3, 1, 2, 3)",1
3971,"(1, 2, 3, 1, 3, 3, 2, 3, 3, 1, 2, 3)",1
3972,"(1, 2, 1, 1, 3, 1, 2, 3, 3, 1, 2, 3)",1
3973,"(1, 2, 2, 1, 3, 3, 3, 3, 3, 3, 2, 3)",1
3974,"(2, 3, 1, 1, 3, 1, 2, 3, 3, 2, 2, 3)",1
3975,"(1, 2, 3, 3, 3, 1, 2, 3, 3, 1, 2, 3)",1
3976,"(1, 2, 2, 2, 2, 1, 3, 3, 3, 3, 2, 3)",1
3977,"(2, 3, 1, 1, 3, 2, 2, 3, 3, 2, 2, 3)",1
3978,"(1, 3, 3, 1, 3, 3, 1, 2, 3, 1, 2, 3)",1
3979,"(3, 3, 1, 1, 3, 2, 1, 3, 3, 1, 2, 3)",1
3980,"(1, 2, 2, 1, 3, 3, 2, 3, 3, 1, 2, 3)",2
3981,"(2, 3, 3, 1, 3, 3, 1, 2, 3, 1, 2, 3)",1
3982,"(1, 2, 3, 2, 2, 2, 1, 2, 3, 1, 2, 3)",1
3983,"(1, 2, 3, 3, 2, 1, 1, 3, 3, 1, 2, 3)",1
3984,"(1, 2, 3, 3, 2, 1, 3, 3, 3, 2, 2, 3)",3
3985,"(1, 2, 3, 3, 2, 1, 2, 3, 3, 1, 3, 3)",1
3986,"(1, 3, 1, 1, 3, 2, 2, 3, 3, 2, 2, 3)",1
3987,"(1, 2, 2, 1, 3, 2, 3, 3, 3, 2, 2, 3)",1
3988,"(1, 2, 3, 1, 3, 3, 2, 2, 3, 3, 3, 3)",1
3989,"(2, 3, 1, 1, 3, 2, 3, 3, 3, 3, 2, 3)",1
3990,"(1, 2, 2, 1, 3, 2, 2, 3, 3, 1, 3, 3)",2
3991,"(1, 2, 2, 1, 2, 2, 1, 2, 3, 1, 2, 3)",1
3992,"(2, 3, 1, 1, 3, 1, 1, 3, 3, 1, 2, 3)",1
3993,"(2, 3, 1, 1, 3, 1, 2, 3, 3, 1, 2, 3)",1
3994,"(1, 2, 3, 3, 2, 1, 3, 3, 3, 3, 2, 3)",2
3995,"(1, 2, 1, 1, 3, 2, 2, 3, 3, 1, 2, 3)",1
3996,"(1, 2, 1, 1, 3, 2, 1, 3, 3, 1, 2, 3)",1
3997,"(1, 2, 1, 1, 3, 2, 3, 3, 3, 2, 2, 3)",2
3998,"(2, 3, 2, 1, 3, 2, 1, 2, 3, 1, 2, 3)",1
3999,"(1, 2, 3, 2, 2, 2, 3, 3, 3, 3, 2, 3)",1
4000,"(1, 2, 3, 3, 3, 2, 2, 3, 3, 1, 2, 3)",2
4001,"(2, 3, 1, 1, 3, 1, 1, 2, 3, 2, 2, 3)",1
4002,"(2, 3, 1, 1, 3, 1, 1, 2, 3, 2, 3, 3)",1
4003,"(1, 2, 2, 1, 2, 1, 3, 3, 3, 2, 2, 3)",1
4004,"(1, 2, 1, 1, 2, 1, 3, 3, 3, 3, 2, 3)",1
4005,"(1, 2, 2, 1, 2, 2, 2, 3, 3, 3, 2, 3)",1
4006,"(1, 3, 1, 1, 3, 1, 1, 2, 3, 1, 3, 3)",1
4007,"(1, 2, 2, 1, 2, 1, 1, 3, 3, 1, 2, 3)",1
4008,"(1, 2, 3, 3, 2, 1, 3, 3, 3, 3, 2, 3)",3
4009,"(1, 2, 1, 1, 2, 1, 2, 3, 3, 1, 2, 3)",1
4010,"(1, 2, 2, 2, 2, 1, 2, 3, 3, 1, 2, 3)",1
4011,"(1, 2, 3, 3, 2, 2, 2, 3, 3, 1, 2, 3)",1
4012,"(1, 3, 1, 1, 3, 1, 2, 3, 3, 2, 2, 3)",1
4013,"(2, 3, 3, 3, 2, 1, 1, 2, 3, 1, 2, 3)",2
4014,"(1, 2, 3, 3, 2, 1, 2, 3, 3, 2, 2, 3)",3
4015,"(2, 3, 1, 1, 3, 2, 2, 3, 3, 1, 2, 3)",2
4016,"(1, 3, 3, 1, 3, 3, 1, 2, 3, 2, 2, 3)",1
4017,"(2, 3, 2, 1, 3, 3, 1, 3, 3, 1, 2, 3)",1
4018,"(1, 3, 1, 1, 3, 2, 2, 3, 3, 1, 3, 3)",1
4019,"(1, 2, 3, 1, 2, 3, 2, 3, 3, 2, 2, 3)",1
4020,"(1, 2, 2, 1, 3, 3, 1, 3, 3, 2, 2, 3)",1
4021,"(1, 3, 1, 1, 3, 2, 2, 3, 3, 1, 2, 3)",2
4022,"(2, 3, 2, 1, 3, 3, 1, 2, 3, 1, 2, 3)",1
4023,"(1, 2, 3, 3, 2, 1, 1, 2, 3, 2, 2, 3)",1
4024,"(1, 2, 1, 1, 3, 2, 3, 3, 3, 3, 2, 3)",1
4025,"(1, 2, 1, 1, 3, 3, 2, 3, 3, 2, 2, 3)",1
4026,"(1, 2, 3, 1, 3, 3, 2, 3, 3, 1, 2, 3)",1
4027,"(1, 2, 1, 1, 3, 1, 1, 3, 3, 1, 2, 3)",1
4028,"(1, 2, 1, 1, 3, 1, 2, 3, 3, 1, 2, 3)",2
4029,"(1, 2, 2, 1, 3, 3, 3, 3, 3, 3, 2, 3)",1
4030,"(1, 2, 3, 3, 2, 1, 3, 3, 3, 3, 3, 3)",1
4031,"(2, 3, 1, 1, 3, 2, 2, 3, 3, 2, 2, 3)",3
4032,"(2, 3, 3, 1, 3, 3, 1, 2, 3, 1, 3, 3)",1
4033,"(1, 2, 1, 1, 2, 1, 1, 3, 3, 1, 2, 3)",1
4034,"(1, 2, 2, 1, 3, 3, 2, 3, 3, 1, 2, 3)",1
4035,"(1, 2, 3, 2, 3, 2, 1, 3, 3, 1, 2, 3)",1
4036,"(1, 2, 3, 3, 2, 1, 2, 3, 3, 1, 2, 3)",1
4037,"(1, 3, 1, 1, 3, 2, 2, 3, 3, 2, 2, 3)",1
4038,"(2, 3, 1, 1, 3, 2, 3, 3, 3, 3, 2, 3)",1
4039,"(1, 2, 2, 1, 3, 2, 2, 3, 3, 1, 2, 3)",1
4040,"(2, 3, 1, 1, 3, 1, 2, 3, 3, 1, 3, 3)",1
4041,"(2, 3, 3, 2, 2, 2, 1, 3, 3, 1, 2, 3)",1
4042,"(2, 3, 1, 1, 3, 1, 1, 3, 3, 1, 2, 3)",1
4043,"(2, 3, 1, 1, 3, 1, 2, 3, 3, 1, 2, 3)",1
4044,"(1, 2, 3, 2, 2, 2, 1, 3, 3, 2, 2, 3)",1
4045,"(1, 2, 2, 1, 2, 1, 2, 3, 3, 2, 2, 3)",1
4046,"(1, 2, 3, 2, 2, 1, 2, 3, 3, 1, 2, 3)",1
4047,"(1, 2, 3, 2, 3, 3, 2, 3, 3, 1, 2, 3)",1
4048,"(2, 2, 2, 3, 2, 1, 3, 3, 3, 2, 2, 3)",1
4049,"(1, 2, 3, 1, 3, 3, 3, 3, 3, 3, 2, 3)",2
4050,"(1, 2, 1, 1, 3, 2, 2, 3, 3, 1, 2, 3)",3
4051,"(1, 2, 1, 1, 3, 2, 1, 3, 3, 1, 2, 3)",1
4052,"(1, 2, 3, 2, 2, 2, 3, 3, 3, 3, 2, 3)",2
4053,"(1, 2, 3, 3, 3, 2, 2, 3, 3, 1, 2, 3)",2
4054,"(1, 2, 3, 3, 3, 2, 1, 3, 3, 1, 2, 3)",1
4055,"(2, 3, 1, 1, 3, 1, 1, 2, 3, 2, 2, 3)",1
4056,"(1, 2, 3, 1, 2, 3, 2, 3, 3, 1, 3, 3)",1
4057,"(2, 3, 1, 1, 2, 1, 3, 3, 3, 3, 2, 3)",1
4058,"(1, 2, 1, 1, 2, 1, 3, 3, 3, 3, 2, 3)",1
4059,"(1, 2, 3, 3, 2, 1, 3, 3, 3, 3, 3, 3)",1
4060,"(2, 3, 3, 3, 2, 1, 1, 2, 3, 1, 2, 3)",1
4061,"(3, 3, 2, 1, 3, 2, 1, 3, 3, 1, 2, 3)",1
4062,"(2, 3, 3, 3, 2, 1, 1, 2, 3, 1, 3, 3)",1
4063,"(1, 2, 2, 2, 2, 1, 2, 3, 3, 2, 2, 3)",1
4064,"(1, 2, 3, 1, 3, 3, 2, 3, 3, 2, 2, 3)",1
4065,"(1, 2, 2, 1, 2, 2, 1, 2, 3, 1, 2, 3)",1
4066,"(2, 3, 1, 1, 3, 2, 1, 3, 3, 1, 3, 3)",1
4067,"(1, 2, 2, 2, 2, 1, 2, 3, 3, 1, 2, 3)",1
4068,"(1, 2, 2, 2, 2, 1, 3, 3, 3, 2, 2, 3)",1
4069,"(1, 2, 3, 2, 2, 1, 2, 3, 3, 2, 2, 3)",1
4070,"(2, 3, 1, 1, 3, 1, 3, 3, 3, 3, 2, 3)",2
4071,"(2, 3, 1, 1, 3, 2, 2, 3, 3, 1, 2, 3)",1
4072,"(2, 3, 1, 1, 3, 2, 1, 3, 3, 1, 2, 3)",1
4073,"(2, 3, 1, 1, 3, 2, 3, 3, 3, 2, 2, 3)",1
4074,"(3, 3, 3, 3, 2, 2, 1, 3, 3, 1, 2, 3)",1
4075,"(2, 3, 1, 1, 2, 1, 3, 3, 3, 3, 2, 3)",1
4076,"(2, 3, 2, 2, 2, 1, 1, 2, 3, 1, 2, 3)",2
4077,"(1, 2, 3, 1, 3, 3, 1, 3, 3, 1, 2, 3)",2
4078,"(1, 2, 3, 1, 3, 3, 2, 3, 3, 1, 2, 3)",1
4079,"(2, 3, 1, 1, 3, 2, 2, 2, 3, 2, 3, 3)",1
4080,"(2, 3, 2, 1, 3, 3, 1, 2, 3, 1, 2, 3)",3
4081,"(1, 2, 1, 1, 3, 1, 2, 3, 3, 1, 2, 3)",3
4082,"(1, 2, 2, 1, 3, 3, 3, 3, 3, 3, 2, 3)",1
4083,"(1, 2, 2, 1, 3, 2, 2, 3, 3, 2, 2, 3)",2
4084,"(1, 2, 3, 1, 2, 3, 3, 3, 3, 3, 2, 3)",1
4085,"(1, 2, 3, 3, 3, 1, 1, 3, 3, 1, 2, 3)",1
4086,"(2, 3, 1, 1, 3, 2, 2, 3, 3, 2, 2, 3)",1
4087,"(2, 3, 3, 1, 3, 3, 1, 2, 3, 1, 3, 3)",1
4088,"(1, 3, 1, 1, 3, 1, 2, 3, 3, 1, 3, 3)",1
4089,"(3, 3, 1, 1, 2, 1, 3, 3, 3, 1, 2, 3)",1
4090,"(2, 3, 1, 1, 3, 1, 1, 2, 3, 1, 3, 3)",1
4091,"(1, 2, 3, 2, 3, 2, 1, 3, 3, 1, 2, 3)",1
4092,"(1, 3, 1, 1, 3, 2, 2, 3, 3, 2, 2, 3)",1
4093,"(2, 2, 2, 2, 2, 1, 1, 3, 3, 1, 2, 3)",1
4094,"(1, 2, 3, 2, 2, 2, 2, 3, 3, 2, 2, 3)",1
4095,"(2, 3, 1, 1, 3, 2, 3, 3, 3, 3, 2, 3)",1
4096,"(2, 3, 1, 1, 3, 1, 2, 3, 3, 2, 2, 3)",3
4097,"(1, 2, 3, 2, 2, 3, 3, 3, 3, 3, 3, 3)",1
4098,"(1, 2, 2, 1, 3, 2, 2, 3, 3, 1, 2, 3)",2
4099,"(2, 3, 1, 1, 3, 1, 2, 3, 3, 1, 3, 3)",1
4100,"(2, 3, 1, 1, 3, 1, 1, 3, 3, 1, 2, 3)",1
4101,"(1, 3, 1, 1, 3, 2, 1, 2, 3, 1, 2, 3)",1
4102,"(1, 2, 3, 1, 3, 3, 3, 3, 3, 3, 3, 3)",2
4103,"(1, 2, 1, 1, 3, 2, 2, 3, 3, 1, 2, 3)",3
4104,"(1, 2, 1, 1, 3, 2, 1, 3, 3, 1, 2, 3)",2
4105,"(1, 2, 1, 1, 3, 2, 3, 3, 3, 2, 2, 3)",1
4106,"(2, 3, 3, 2, 2, 2, 1, 2, 3, 1, 2, 3)",1
4107,"(2, 3, 3, 1, 3, 3, 1, 2, 3, 2, 2, 3)",1
4108,"(1, 2, 3, 2, 3, 2, 2, 3, 3, 1, 2, 3)",1
4109,"(1, 2, 3, 3, 3, 2, 2, 3, 3, 1, 2, 3)",1
4110,"(3, 3, 1, 2, 2, 1, 1, 3, 3, 1, 2, 3)",1
4111,"(1, 2, 1, 1, 2, 1, 3, 3, 3, 3, 2, 3)",2
4112,"(2, 3, 1, 1, 3, 1, 1, 3, 3, 2, 2, 3)",1
4113,"(2, 3, 1, 1, 3, 2, 2, 3, 3, 3, 2, 3)",1
4114,"(1, 2, 3, 3, 2, 1, 3, 3, 3, 3, 2, 3)",1
4115,"(1, 2, 2, 1, 2, 2, 2, 3, 3, 1, 2, 3)",1
4116,"(2, 3, 1, 1, 3, 1, 2, 2, 3, 2, 3, 3)",1
4117,"(1, 2, 1, 1, 3, 1, 2, 3, 3, 2, 2, 3)",2
4118,"(1, 2, 3, 1, 3, 3, 1, 3, 3, 1, 2, 3)",2
4119,"(1, 2, 3, 2, 2, 3, 3, 3, 3, 2, 2, 3)",1
4120,"(2, 3, 3, 3, 2, 1, 1, 2, 3, 1, 2, 3)",1
4121,"(1, 2, 2, 1, 3, 3, 2, 3, 3, 2, 2, 3)",1
4122,"(2, 2, 3, 3, 2, 1, 3, 3, 3, 2, 2, 3)",2
4123,"(2, 3, 1, 1, 3, 2, 2, 3, 3, 1, 2, 3)",1
4124,"(2, 3, 1, 1, 3, 2, 1, 3, 3, 1, 2, 3)",1
4125,"(1, 3, 1, 1, 3, 2, 2, 3, 3, 1, 3, 3)",1
4126,"(2, 3, 1, 1, 3, 2, 3, 3, 3, 2, 3, 3)",1
4127,"(1, 2, 2, 1, 3, 3, 1, 3, 3, 2, 2, 3)",1
4128,"(1, 3, 1, 1, 3, 2, 2, 3, 3, 1, 2, 3)",1
4129,"(3, 3, 2, 2, 2, 1, 1, 3, 3, 1, 2, 3)",1
4130,"(2, 3, 3, 3, 2, 1, 1, 2, 3, 1, 3, 3)",1
4131,"(1, 2, 2, 2, 2, 1, 2, 3, 3, 2, 2, 3)",1
4132,"(1, 3, 1, 1, 3, 1, 3, 3, 3, 3, 3, 3)",1
4133,"(1, 2, 3, 1, 3, 3, 2, 3, 3, 1, 2, 3)",1
4134,"(2, 3, 2, 1, 3, 3, 1, 2, 3, 1, 2, 3)",3
4135,"(3, 3, 1, 2, 2, 1, 3, 3, 3, 3, 2, 3)",2
4136,"(1, 2, 1, 1, 3, 1, 1, 3, 3, 1, 3, 3)",1
4137,"(3, 3, 2, 1, 3, 3, 1, 3, 3, 1, 2, 3)",1
4138,"(1, 2, 3, 1, 3, 3, 2, 3, 3, 1, 3, 3)",1
4139,"(1, 2, 3, 2, 2, 2, 3, 3, 3, 3, 2, 3)",1
4140,"(1, 2, 3, 3, 3, 1, 2, 3, 3, 1, 2, 3)",1
4141,"(1, 2, 3, 3, 2, 1, 3, 3, 3, 3, 3, 3)",1
4142,"(2, 3, 1, 1, 3, 2, 2, 3, 3, 2, 2, 3)",1
4143,"(3, 3, 1, 2, 2, 1, 2, 3, 3, 1, 2, 3)",1
4144,"(1, 2, 2, 1, 2, 1, 3, 3, 3, 3, 2, 3)",1
4145,"(2, 3, 3, 1, 3, 3, 1, 2, 3, 1, 2, 3)",1
4146,"(1, 2, 3, 2, 2, 3, 3, 2, 3, 3, 3, 3)",1
4147,"(1, 2, 2, 2, 2, 1, 3, 3, 3, 3, 3, 3)",1
4148,"(1, 2, 3, 3, 2, 1, 2, 3, 3, 1, 2, 3)",1
4149,"(1, 2, 2, 2, 2, 1, 3, 3, 3, 3, 2, 3)",1
4150,"(1, 2, 3, 3, 2, 1, 3, 3, 3, 2, 2, 3)",1
4151,"(1, 2, 2, 2, 2, 1, 2, 3, 3, 1, 2, 3)",1
4152,"(1, 3, 1, 1, 3, 2, 3, 3, 3, 1, 3, 3)",1
4153,"(1, 2, 3, 1, 3, 3, 2, 2, 3, 3, 3, 3)",1
4154,"(1, 2, 3, 1, 2, 3, 2, 3, 3, 1, 2, 3)",1
4155,"(1, 2, 2, 1, 3, 2, 1, 3, 3, 1, 2, 3)",1
4156,"(1, 2, 2, 1, 3, 2, 2, 3, 3, 1, 2, 3)",1
4157,"(2, 3, 1, 1, 3, 1, 2, 3, 3, 1, 3, 3)",1
4158,"(2, 3, 1, 1, 3, 1, 1, 3, 3, 1, 2, 3)",1
4159,"(1, 2, 2, 1, 3, 3, 3, 3, 3, 2, 2, 3)",1
4160,"(1, 2, 1, 1, 2, 1, 2, 3, 3, 2, 2, 3)",1
4161,"(1, 2, 2, 1, 2, 2, 2, 3, 3, 2, 2, 3)",1
4162,"(1, 2, 3, 1, 3, 3, 3, 3, 3, 3, 2, 3)",2
4163,"(1, 2, 1, 1, 3, 2, 2, 3, 3, 1, 2, 3)",1
4164,"(1, 2, 3, 3, 2, 1, 2, 3, 3, 2, 2, 3)",2
4165,"(1, 2, 2, 1, 3, 3, 3, 3, 3, 3, 2, 3)",1
4166,"(1, 2, 3, 2, 3, 2, 2, 3, 3, 1, 2, 3)",2
4167,"(2, 3, 1, 1, 3, 2, 1, 3, 3, 2, 2, 3)",1
4168,"(3, 3, 1, 2, 2, 1, 1, 3, 3, 1, 2, 3)",1
4169,"(1, 2, 3, 2, 2, 2, 2, 3, 3, 2, 2, 3)",1
4170,"(1, 2, 1, 1, 2, 1, 3, 3, 3, 3, 2, 3)",1
4171,"(1, 2, 3, 1, 2, 3, 3, 3, 3, 2, 2, 3)",1
4172,"(1, 2, 3, 3, 2, 1, 3, 3, 3, 3, 2, 3)",2
4173,"(2, 3, 3, 1, 3, 3, 1, 2, 3, 1, 3, 3)",1
4174,"(1, 2, 3, 1, 3, 3, 2, 3, 3, 2, 3, 3)",1
4175,"(1, 2, 3, 3, 2, 2, 1, 3, 3, 1, 2, 3)",1
4176,"(1, 2, 1, 1, 3, 1, 3, 3, 3, 3, 2, 3)",2
4177,"(1, 3, 1, 1, 3, 1, 2, 3, 3, 2, 2, 3)",1
4178,"(1, 2, 2, 1, 3, 3, 2, 3, 3, 2, 3, 3)",1
4179,"(1, 2, 2, 1, 3, 3, 2, 3, 3, 2, 2, 3)",2
4180,"(2, 3, 1, 1, 2, 1, 1, 3, 3, 1, 2, 3)",1
4181,"(2, 3, 3, 1, 3, 3, 1, 3, 3, 1, 2, 3)",1
4182,"(2, 3, 1, 1, 3, 2, 2, 3, 3, 1, 2, 3)",3
4183,"(2, 3, 1, 1, 3, 2, 1, 3, 3, 1, 2, 3)",1
4184,"(2, 3, 1, 1, 3, 2, 3, 3, 3, 2, 2, 3)",1
4185,"(1, 3, 1, 1, 3, 2, 2, 3, 3, 1, 3, 3)",1
4186,"(1, 2, 3, 1, 2, 3, 2, 3, 3, 2, 2, 3)",1
4187,"(1, 2, 3, 1, 2, 2, 3, 3, 3, 3, 2, 3)",1
4188,"(1, 3, 1, 1, 3, 2, 2, 3, 3, 1, 2, 3)",2
4189,"(1, 2, 3, 1, 3, 3, 3, 3, 3, 2, 2, 3)",1
4190,"(1, 2, 2, 1, 2, 1, 2, 3, 3, 1, 2, 3)",2
4191,"(1, 2, 3, 3, 2, 1, 1, 2, 3, 2, 2, 3)",1
4192,"(1, 2, 1, 1, 3, 2, 3, 3, 3, 3, 2, 3)",3
4193,"(1, 2, 3, 1, 3, 3, 2, 3, 3, 1, 2, 3)",2
4194,"(1, 3, 1, 1, 3, 1, 3, 3, 3, 3, 2, 3)",1
4195,"(2, 3, 2, 1, 3, 3, 1, 2, 3, 1, 2, 3)",1
4196,"(1, 2, 1, 1, 3, 1, 2, 3, 3, 1, 2, 3)",1
4197,"(1, 3, 3, 3, 2, 1, 1, 2, 3, 1, 2, 3)",1
4198,"(1, 2, 3, 1, 2, 3, 3, 3, 3, 3, 2, 3)",1
4199,"(1, 2, 3, 2, 2, 1, 1, 3, 3, 1, 2, 3)",1
4200,"(2, 3, 1, 1, 3, 1, 2, 3, 3, 2, 2, 3)",1
4201,"(1, 2, 2, 2, 3, 2, 1, 3, 3, 1, 2, 3)",2
4202,"(2, 3, 1, 1, 3, 2, 2, 3, 3, 2, 2, 3)",1
4203,"(2, 3, 2, 1, 2, 2, 1, 2, 3, 1, 2, 3)",1
4204,"(3, 3, 1, 1, 3, 2, 1, 3, 3, 1, 2, 3)",1
4205,"(1, 2, 2, 1, 3, 3, 2, 3, 3, 1, 2, 3)",3
4206,"(2, 3, 2, 2, 2, 1, 1, 2, 3, 1, 2, 3)",1
4207,"(2, 2, 2, 1, 3, 3, 1, 3, 3, 1, 2, 3)",1
4208,"(1, 2, 3, 3, 2, 1, 3, 3, 3, 2, 2, 3)",1
4209,"(1, 2, 3, 1, 2, 2, 1, 2, 3, 1, 2, 3)",1
4210,"(1, 3, 1, 1, 3, 2, 2, 3, 3, 2, 2, 3)",1
4211,"(1, 2, 3, 1, 3, 3, 1, 3, 3, 2, 2, 3)",1
4212,"(2, 3, 1, 1, 3, 2, 3, 3, 3, 3, 2, 3)",1
4213,"(1, 2, 3, 2, 2, 2, 3, 3, 3, 2, 2, 3)",2
4214,"(1, 2, 2, 1, 3, 2, 1, 3, 3, 1, 2, 3)",1
4215,"(2, 3, 1, 1, 3, 1, 1, 3, 3, 1, 2, 3)",1
4216,"(2, 3, 1, 1, 3, 1, 2, 3, 3, 1, 2, 3)",1
4217,"(1, 2, 1, 1, 3, 2, 1, 2, 3, 1, 2, 3)",1
4218,"(1, 2, 2, 1, 3, 3, 3, 3, 3, 2, 3, 3)",1
4219,"(1, 2, 1, 1, 3, 2, 2, 3, 3, 1, 2, 3)",2
4220,"(1, 2, 1, 1, 3, 2, 1, 3, 3, 1, 2, 3)",2
4221,"(1, 3, 1, 1, 3, 2, 3, 3, 3, 2, 2, 3)",1
4222,"(1, 2, 3, 2, 2, 2, 3, 3, 3, 3, 2, 3)",1
4223,"(1, 2, 3, 3, 3, 2, 2, 3, 3, 1, 2, 3)",1
4224,"(1, 2, 3, 3, 3, 2, 1, 3, 3, 1, 2, 3)",1
4225,"(2, 3, 1, 1, 2, 1, 1, 2, 3, 1, 2, 3)",1
4226,"(1, 2, 3, 2, 2, 2, 2, 3, 3, 3, 2, 3)",1
4227,"(2, 3, 1, 1, 3, 2, 3, 2, 3, 3, 3, 3)",1
4228,"(1, 2, 1, 1, 2, 1, 3, 3, 3, 3, 2, 3)",1
4229,"(1, 2, 1, 1, 2, 1, 2, 3, 3, 1, 2, 3)",1
4230,"(1, 2, 3, 1, 3, 3, 2, 3, 3, 2, 2, 3)",1
4231,"(1, 2, 1, 1, 3, 1, 2, 3, 3, 2, 2, 3)",1
4232,"(1, 2, 1, 1, 3, 1, 3, 3, 3, 3, 2, 3)",1
4233,"(1, 2, 1, 1, 3, 2, 2, 3, 3, 2, 2, 3)",1
4234,"(2, 3, 1, 1, 3, 3, 1, 2, 3, 1, 2, 3)",1
4235,"(2, 2, 2, 2, 2, 1, 3, 3, 3, 3, 2, 3)",1
4236,"(2, 3, 1, 1, 3, 2, 2, 3, 3, 1, 2, 3)",2
4237,"(2, 3, 1, 1, 3, 2, 1, 3, 3, 1, 2, 3)",1
4238,"(1, 2, 3, 1, 2, 3, 2, 3, 3, 2, 2, 3)",1
4239,"(1, 2, 3, 1, 2, 2, 3, 3, 3, 3, 2, 3)",1
4240,"(1, 3, 1, 1, 3, 2, 3, 2, 3, 3, 2, 3)",1
4241,"(2, 3, 3, 3, 2, 2, 1, 2, 3, 1, 2, 3)",2
4242,"(1, 2, 2, 1, 2, 2, 2, 3, 3, 2, 2, 3)",1
4243,"(1, 2, 3, 1, 3, 3, 2, 3, 3, 1, 2, 3)",3
4244,"(1, 2, 2, 1, 3, 3, 3, 3, 3, 3, 3, 3)",1
4245,"(1, 2, 1, 1, 3, 1, 2, 3, 3, 1, 2, 3)",3
4246,"(1, 2, 2, 1, 3, 3, 3, 3, 3, 3, 2, 3)",1
4247,"(1, 3, 1, 1, 3, 1, 2, 3, 3, 1, 2, 3)",1
4248,"(1, 2, 3, 1, 2, 3, 3, 3, 3, 3, 2, 3)",1
4249,"(1, 3, 1, 1, 3, 2, 3, 3, 3, 3, 2, 3)",1
4250,"(2, 3, 2, 1, 3, 3, 1, 2, 3, 1, 3, 3)",1
4251,"(1, 2, 3, 3, 3, 1, 2, 3, 3, 1, 2, 3)",1
4252,"(2, 3, 1, 1, 2, 1, 3, 2, 3, 3, 2, 3)",1
4253,"(2, 3, 3, 1, 3, 3, 1, 2, 3, 1, 3, 3)",1
4254,"(1, 2, 2, 1, 3, 3, 2, 3, 3, 1, 2, 3)",1
4255,"(2, 3, 3, 1, 3, 3, 1, 2, 3, 1, 2, 3)",1
4256,"(1, 2, 2, 1, 3, 3, 2, 3, 3, 1, 3, 3)",1
4257,"(1, 2, 3, 3, 2, 1, 2, 3, 3, 1, 2, 3)",2
4258,"(3, 3, 2, 1, 3, 3, 1, 3, 3, 1, 2, 3)",1
4259,"(1, 2, 3, 1, 2, 3, 3, 2, 3, 3, 3, 3)",1
4260,"(1, 2, 2, 2, 2, 2, 3, 3, 3, 3, 2, 3)",1
4261,"(1, 2, 3, 2, 2, 2, 2, 3, 3, 2, 2, 3)",1
4262,"(1, 2, 3, 3, 2, 1, 3, 3, 3, 2, 3, 3)",1
4263,"(1, 2, 3, 3, 2, 2, 3, 3, 3, 3, 2, 3)",1
4264,"(1, 2, 3, 3, 2, 1, 1, 2, 3, 1, 2, 3)",1
4265,"(1, 2, 3, 3, 2, 1, 1, 2, 3, 1, 3, 3)",1
4266,"(1, 2, 1, 1, 2, 1, 2, 2, 3, 2, 2, 3)",1
4267,"(2, 3, 1, 1, 3, 1, 1, 3, 3, 1, 2, 3)",2
4268,"(2, 3, 1, 1, 3, 1, 2, 3, 3, 1, 2, 3)",2
4269,"(1, 2, 3, 2, 3, 3, 2, 3, 3, 1, 2, 3)",1
4270,"(1, 2, 1, 1, 2, 1, 2, 3, 3, 2, 2, 3)",1
4271,"(1, 2, 3, 2, 3, 3, 2, 3, 3, 1, 3, 3)",1
4272,"(1, 2, 3, 1, 3, 3, 3, 3, 3, 3, 2, 3)",3
4273,"(1, 2, 3, 3, 2, 1, 3, 3, 3, 2, 2, 3)",1
4274,"(1, 2, 1, 1, 3, 2, 2, 3, 3, 1, 2, 3)",2
4275,"(1, 2, 1, 1, 3, 2, 1, 3, 3, 1, 2, 3)",1
4276,"(1, 2, 1, 1, 3, 2, 3, 3, 3, 2, 2, 3)",1
4277,"(1, 2, 2, 1, 3, 3, 1, 3, 3, 1, 2, 3)",2
4278,"(1, 3, 1, 1, 3, 1, 3, 3, 3, 2, 2, 3)",1
4279,"(2, 3, 1, 1, 2, 1, 1, 2, 3, 1, 2, 3)",1
4280,"(1, 2, 2, 2, 3, 1, 2, 3, 3, 1, 2, 3)",1
4281,"(1, 2, 2, 2, 2, 1, 1, 2, 3, 2, 3, 3)",1
4282,"(2, 3, 3, 3, 2, 1, 1, 2, 3, 1, 2, 3)",1
4283,"(1, 2, 2, 1, 2, 1, 1, 3, 3, 1, 2, 3)",1
4284,"(1, 2, 3, 3, 2, 1, 3, 3, 3, 3, 2, 3)",2
4285,"(1, 2, 2, 1, 2, 1, 3, 3, 3, 3, 2, 3)",1
4286,"(1, 2, 3, 3, 2, 1, 2, 3, 3, 2, 2, 3)",1
4287,"(1, 2, 3, 3, 2, 2, 1, 3, 3, 1, 2, 3)",1
4288,"(1, 2, 1, 1, 3, 1, 3, 3, 3, 3, 2, 3)",1
4289,"(1, 2, 1, 1, 3, 1, 2, 3, 3, 2, 3, 3)",1
4290,"(1, 2, 1, 1, 2, 1, 3, 3, 3, 2, 2, 3)",1
4291,"(1, 2, 2, 1, 3, 2, 3, 3, 3, 3, 2, 3)",2
4292,"(2, 3, 3, 1, 3, 3, 1, 3, 3, 1, 2, 3)",1
4293,"(2, 3, 1, 1, 3, 2, 2, 3, 3, 1, 2, 3)",2
4294,"(2, 3, 1, 1, 3, 2, 3, 3, 3, 2, 2, 3)",1
4295,"(1, 2, 3, 1, 2, 2, 2, 3, 3, 1, 3, 3)",1
4296,"(1, 2, 3, 3, 2, 1, 1, 2, 3, 2, 3, 3)",1
4297,"(1, 2, 1, 1, 3, 2, 3, 3, 3, 3, 3, 3)",1
4298,"(1, 3, 1, 1, 2, 1, 3, 3, 3, 3, 2, 3)",1
4299,"(1, 2, 1, 1, 3, 1, 1, 3, 3, 1, 2, 3)",1
4300,"(1, 2, 3, 2, 2, 2, 1, 3, 3, 1, 2, 3)",1
4301,"(2, 3, 2, 1, 3, 3, 1, 2, 3, 1, 2, 3)",1
4302,"(1, 2, 2, 2, 2, 1, 2, 3, 3, 2, 2, 3)",1
4303,"(1, 2, 2, 1, 3, 2, 2, 3, 3, 2, 2, 3)",1
4304,"(2, 3, 3, 3, 2, 2, 1, 3, 3, 1, 2, 3)",1
4305,"(1, 2, 3, 3, 3, 1, 2, 3, 3, 1, 2, 3)",1
4306,"(1, 2, 3, 3, 2, 1, 3, 3, 3, 3, 3, 3)",1
4307,"(2, 2, 3, 1, 2, 3, 1, 3, 3, 1, 2, 3)",1
4308,"(1, 2, 2, 1, 2, 2, 2, 3, 3, 1, 2, 3)",1
4309,"(1, 2, 2, 1, 3, 3, 2, 3, 3, 1, 2, 3)",4
4310,"(1, 2, 3, 3, 2, 1, 2, 3, 3, 1, 2, 3)",1
4311,"(1, 2, 3, 3, 2, 1, 3, 3, 3, 2, 2, 3)",1
4312,"(2, 3, 1, 1, 3, 1, 3, 3, 3, 2, 2, 3)",1
4313,"(1, 2, 3, 1, 3, 3, 3, 2, 3, 3, 3, 3)",2
4314,"(1, 2, 2, 1, 3, 2, 2, 3, 3, 1, 2, 3)",1
4315,"(2, 3, 1, 1, 3, 1, 2, 3, 3, 1, 3, 3)",1
4316,"(2, 3, 1, 1, 3, 1, 1, 3, 3, 1, 2, 3)",2
4317,"(2, 3, 1, 1, 3, 1, 2, 3, 3, 1, 2, 3)",3
4318,"(1, 2, 2, 2, 2, 1, 2, 3, 3, 1, 3, 3)",1
4319,"(1, 2, 2, 1, 3, 2, 1, 3, 3, 1, 2, 3)",1
4320,"(1, 2, 1, 1, 2, 1, 3, 3, 3, 3, 3, 3)",1
4321,"(1, 2, 3, 3, 2, 1, 2, 2, 3, 2, 3, 3)",1
4322,"(1, 2, 2, 1, 2, 2, 2, 3, 3, 2, 2, 3)",1
4323,"(1, 2, 3, 2, 2, 2, 1, 2, 3, 2, 3, 3)",1
4324,"(1, 2, 3, 1, 3, 3, 3, 3, 3, 3, 2, 3)",2
4325,"(2, 3, 1, 1, 3, 2, 1, 2, 3, 1, 2, 3)",1
4326,"(1, 2, 3, 1, 3, 3, 3, 3, 3, 3, 3, 3)",1
4327,"(1, 2, 1, 1, 3, 2, 2, 3, 3, 1, 2, 3)",2
4328,"(2, 3, 1, 1, 2, 1, 1, 3, 3, 1, 2, 3)",1
4329,"(2, 3, 2, 1, 3, 2, 1, 2, 3, 1, 2, 3)",1
4330,"(1, 2, 3, 2, 2, 2, 3, 3, 3, 3, 3, 3)",1
4331,"(2, 3, 3, 2, 2, 2, 1, 2, 3, 1, 2, 3)",1
4332,"(1, 2, 3, 3, 3, 2, 2, 3, 3, 1, 2, 3)",1
4333,"(1, 2, 1, 1, 3, 1, 2, 3, 3, 1, 2, 3)",1
4334,"(1, 2, 3, 2, 2, 2, 2, 3, 3, 2, 2, 3)",1
4335,"(2, 3, 1, 1, 2, 1, 1, 2, 3, 1, 2, 3)",1
4336,"(1, 2, 1, 1, 2, 1, 3, 3, 3, 3, 2, 3)",1
4337,"(2, 3, 3, 3, 2, 1, 1, 2, 3, 1, 2, 3)",1
4338,"(2, 3, 1, 1, 3, 1, 2, 2, 3, 3, 3, 3)",1
4339,"(1, 2, 3, 3, 2, 1, 3, 3, 3, 3, 2, 3)",3
4340,"(3, 3, 3, 1, 3, 3, 1, 3, 3, 1, 2, 3)",1
4341,"(1, 2, 2, 2, 2, 1, 2, 3, 3, 1, 2, 3)",1
4342,"(1, 2, 2, 2, 2, 1, 1, 3, 3, 1, 2, 3)",1
4343,"(1, 2, 1, 1, 3, 1, 3, 3, 3, 3, 2, 3)",1
4344,"(1, 2, 2, 2, 2, 1, 2, 3, 3, 1, 3, 3)",1
4345,"(1, 2, 1, 1, 3, 2, 2, 3, 3, 2, 2, 3)",1
4346,"(1, 2, 2, 1, 3, 3, 2, 3, 3, 2, 2, 3)",2
4347,"(1, 2, 2, 1, 3, 2, 3, 3, 3, 3, 2, 3)",1
4348,"(2, 3, 1, 1, 3, 2, 2, 3, 3, 1, 2, 3)",2
4349,"(2, 3, 2, 3, 2, 1, 1, 2, 3, 1, 2, 3)",1
4350,"(2, 3, 1, 1, 3, 2, 3, 3, 3, 2, 2, 3)",1
4351,"(2, 3, 2, 1, 2, 1, 1, 2, 3, 1, 2, 3)",1
4352,"(2, 3, 1, 1, 2, 1, 3, 3, 3, 3, 2, 3)",1
4353,"(1, 2, 3, 1, 3, 3, 2, 3, 3, 1, 3, 3)",1
4354,"(1, 2, 2, 2, 2, 2, 2, 3, 3, 2, 2, 3)",1
4355,"(1, 2, 3, 1, 3, 3, 2, 3, 3, 1, 2, 3)",1
4356,"(2, 3, 2, 1, 3, 3, 1, 2, 3, 1, 2, 3)",2
4357,"(1, 2, 2, 2, 2, 1, 2, 3, 3, 2, 2, 3)",2
4358,"(1, 2, 3, 2, 2, 1, 3, 3, 3, 2, 3, 3)",1
4359,"(1, 2, 2, 1, 3, 3, 3, 3, 3, 3, 2, 3)",3
4360,"(1, 2, 3, 2, 2, 3, 1, 2, 3, 2, 3, 3)",1
4361,"(1, 2, 3, 3, 2, 1, 1, 3, 3, 1, 2, 3)",1
4362,"(2, 3, 1, 1, 3, 2, 2, 3, 3, 2, 2, 3)",3
4363,"(1, 3, 1, 1, 3, 1, 2, 3, 3, 1, 2, 3)",1
4364,"(1, 2, 2, 1, 3, 2, 1, 2, 3, 1, 3, 3)",1
4365,"(1, 2, 1, 1, 2, 1, 3, 3, 3, 2, 2, 3)",3
4366,"(1, 2, 2, 1, 2, 2, 2, 3, 3, 1, 3, 3)",1
4367,"(1, 2, 2, 1, 3, 3, 2, 3, 3, 1, 3, 3)",1
4368,"(1, 2, 2, 2, 2, 1, 3, 3, 3, 3, 3, 3)",1
4369,"(1, 2, 3, 3, 2, 1, 2, 3, 3, 1, 2, 3)",1
4370,"(1, 2, 2, 2, 2, 1, 3, 3, 3, 3, 2, 3)",1
4371,"(1, 2, 3, 3, 2, 1, 3, 3, 3, 2, 2, 3)",1
4372,"(1, 2, 3, 3, 2, 1, 2, 3, 3, 1, 3, 3)",1
4373,"(1, 2, 3, 1, 2, 3, 2, 2, 3, 3, 3, 3)",1
4374,"(1, 2, 3, 1, 3, 3, 2, 2, 3, 3, 2, 3)",1
4375,"(2, 3, 1, 1, 3, 2, 3, 3, 3, 3, 2, 3)",1
4376,"(2, 3, 1, 1, 3, 1, 2, 3, 3, 1, 3, 3)",1
4377,"(2, 3, 1, 1, 3, 1, 1, 3, 3, 1, 2, 3)",1
4378,"(2, 3, 1, 1, 3, 1, 2, 3, 3, 1, 2, 3)",4
4379,"(1, 2, 3, 2, 2, 1, 2, 3, 3, 1, 2, 3)",1
4380,"(2, 2, 2, 3, 2, 1, 2, 3, 3, 1, 2, 3)",1
4381,"(1, 2, 1, 1, 2, 1, 2, 3, 3, 2, 2, 3)",2
4382,"(1, 2, 3, 1, 3, 3, 3, 3, 3, 3, 2, 3)",2
4383,"(1, 2, 1, 1, 3, 2, 2, 3, 3, 1, 2, 3)",2
4384,"(1, 2, 3, 3, 2, 1, 2, 3, 3, 2, 2, 3)",1
4385,"(2, 3, 3, 2, 2, 2, 1, 2, 3, 1, 2, 3)",1
4386,"(2, 3, 1, 1, 2, 1, 2, 3, 3, 2, 2, 3)",1
4387,"(2, 3, 1, 1, 2, 1, 1, 2, 3, 1, 3, 3)",1
4388,"(1, 2, 3, 3, 3, 2, 1, 3, 3, 1, 2, 3)",1
4389,"(1, 2, 2, 1, 2, 2, 1, 3, 3, 1, 3, 3)",1
4390,"(1, 2, 2, 1, 2, 2, 3, 3, 3, 3, 2, 3)",2
4391,"(2, 3, 3, 3, 2, 1, 1, 2, 3, 1, 2, 3)",2
4392,"(1, 2, 3, 3, 3, 3, 2, 3, 3, 1, 2, 3)",1
4393,"(1, 2, 2, 1, 2, 1, 1, 3, 3, 1, 2, 3)",1
4394,"(1, 2, 3, 3, 2, 1, 3, 3, 3, 3, 2, 3)",1
4395,"(1, 2, 3, 1, 3, 3, 2, 3, 3, 2, 2, 3)",2
4396,"(2, 2, 2, 2, 2, 1, 3, 3, 3, 3, 2, 3)",1
4397,"(1, 2, 2, 2, 2, 1, 2, 3, 3, 1, 2, 3)",1
4398,"(1, 2, 1, 1, 3, 1, 3, 3, 3, 3, 2, 3)",1
4399,"(1, 2, 2, 1, 3, 3, 2, 3, 3, 2, 2, 3)",1
4400,"(1, 2, 3, 3, 2, 1, 2, 3, 3, 2, 2, 3)",2
4401,"(2, 3, 1, 1, 3, 2, 1, 3, 3, 1, 3, 3)",1
4402,"(2, 3, 1, 1, 3, 1, 3, 3, 3, 3, 2, 3)",2
4403,"(2, 3, 1, 1, 3, 2, 1, 3, 3, 1, 2, 3)",1
4404,"(1, 2, 2, 1, 2, 1, 2, 3, 3, 3, 2, 3)",1
4405,"(1, 2, 3, 1, 2, 2, 3, 3, 3, 3, 2, 3)",1
4406,"(1, 2, 2, 1, 2, 1, 2, 3, 3, 1, 2, 3)",1
4407,"(2, 3, 1, 1, 3, 2, 1, 2, 3, 1, 2, 3)",1
4408,"(2, 3, 2, 1, 2, 1, 1, 2, 3, 1, 2, 3)",1
4409,"(1, 2, 1, 1, 3, 2, 3, 3, 3, 3, 2, 3)",1
4410,"(1, 2, 3, 1, 3, 3, 2, 3, 3, 1, 3, 3)",1
4411,"(1, 2, 1, 1, 3, 1, 1, 3, 3, 1, 2, 3)",1
4412,"(1, 2, 2, 1, 3, 3, 2, 2, 3, 1, 3, 3)",1
4413,"(1, 2, 2, 1, 3, 3, 3, 3, 3, 3, 2, 3)",1
4414,"(1, 2, 3, 1, 2, 3, 3, 3, 3, 3, 2, 3)",1
4415,"(3, 3, 2, 1, 3, 3, 1, 3, 3, 1, 2, 3)",1
4416,"(1, 2, 3, 2, 2, 2, 3, 3, 3, 2, 2, 3)",1
4417,"(1, 2, 2, 2, 3, 2, 1, 3, 3, 1, 2, 3)",1
4418,"(1, 2, 3, 3, 2, 1, 1, 3, 3, 1, 2, 3)",1
4419,"(3, 3, 1, 2, 2, 1, 2, 3, 3, 1, 2, 3)",1
4420,"(1, 2, 2, 1, 2, 1, 3, 3, 3, 3, 2, 3)",2
4421,"(1, 2, 1, 1, 3, 2, 3, 2, 3, 3, 3, 3)",1
4422,"(1, 2, 2, 1, 3, 3, 2, 3, 3, 1, 2, 3)",2
4423,"(2, 3, 2, 1, 3, 3, 1, 2, 3, 1, 2, 3)",2
4424,"(1, 2, 1, 1, 2, 1, 3, 3, 3, 2, 3, 3)",1
4425,"(1, 2, 2, 2, 2, 1, 3, 3, 3, 3, 2, 3)",1
4426,"(1, 2, 3, 3, 2, 1, 3, 3, 3, 2, 2, 3)",2
4427,"(2, 3, 1, 1, 3, 2, 3, 3, 3, 3, 2, 3)",1
4428,"(1, 2, 2, 1, 2, 1, 2, 2, 3, 2, 2, 3)",1
4429,"(1, 2, 2, 1, 3, 2, 2, 3, 3, 1, 2, 3)",1
4430,"(2, 3, 1, 1, 3, 1, 1, 3, 3, 1, 2, 3)",1
4431,"(2, 3, 1, 1, 3, 2, 2, 3, 3, 1, 2, 3)",3
4432,"(1, 2, 2, 1, 2, 1, 2, 3, 3, 2, 2, 3)",1
4433,"(2, 3, 1, 1, 2, 1, 2, 3, 3, 1, 2, 3)",1
4434,"(3, 3, 1, 1, 2, 1, 3, 3, 3, 2, 2, 3)",1
4435,"(1, 2, 3, 2, 3, 3, 2, 3, 3, 1, 2, 3)",1
4436,"(1, 2, 3, 2, 3, 3, 1, 3, 3, 1, 2, 3)",1
4437,"(1, 2, 1, 1, 3, 2, 2, 3, 3, 1, 2, 3)",3
4438,"(1, 2, 1, 1, 3, 2, 1, 3, 3, 1, 2, 3)",1
4439,"(2, 3, 3, 1, 3, 3, 1, 2, 3, 2, 2, 3)",1
4440,"(1, 3, 1, 1, 3, 1, 3, 3, 3, 2, 2, 3)",1
4441,"(2, 3, 3, 1, 3, 3, 1, 2, 3, 2, 3, 3)",1
4442,"(1, 2, 2, 1, 3, 3, 3, 3, 3, 2, 2, 3)",1
4443,"(1, 2, 1, 1, 2, 1, 2, 3, 3, 2, 2, 3)",1
4444,"(1, 2, 1, 1, 2, 1, 3, 3, 3, 3, 2, 3)",2
4445,"(1, 2, 2, 2, 2, 1, 2, 3, 3, 1, 3, 3)",1
4446,"(1, 2, 3, 3, 2, 1, 3, 3, 3, 3, 3, 3)",1
4447,"(2, 3, 3, 1, 2, 3, 1, 2, 3, 2, 2, 3)",1
4448,"(1, 3, 2, 1, 3, 3, 1, 2, 3, 1, 3, 3)",1
4449,"(1, 2, 3, 3, 2, 1, 3, 3, 3, 3, 2, 3)",1
4450,"(1, 3, 1, 1, 3, 1, 2, 3, 3, 2, 2, 3)",1
4451,"(2, 3, 1, 1, 2, 1, 2, 3, 3, 2, 2, 3)",1
4452,"(1, 2, 2, 1, 3, 3, 2, 3, 3, 2, 2, 3)",1
4453,"(2, 2, 1, 1, 3, 1, 1, 3, 3, 1, 2, 3)",1
4454,"(2, 3, 2, 1, 3, 3, 1, 3, 3, 1, 2, 3)",1
4455,"(1, 3, 1, 1, 3, 2, 2, 3, 3, 1, 3, 3)",1
4456,"(1, 2, 3, 2, 2, 2, 1, 3, 3, 1, 2, 3)",1
4457,"(1, 2, 3, 1, 3, 3, 3, 3, 3, 2, 2, 3)",2
4458,"(1, 2, 2, 1, 2, 1, 1, 2, 3, 1, 2, 3)",1
4459,"(1, 2, 1, 1, 3, 2, 3, 3, 3, 3, 2, 3)",2
4460,"(1, 2, 2, 2, 2, 1, 2, 3, 3, 2, 2, 3)",3
4461,"(1, 3, 1, 1, 3, 1, 3, 3, 3, 3, 2, 3)",1
4462,"(2, 3, 2, 1, 3, 3, 1, 2, 3, 1, 2, 3)",1
4463,"(1, 2, 1, 1, 3, 1, 2, 3, 3, 1, 2, 3)",1
4464,"(2, 3, 3, 1, 2, 3, 1, 2, 3, 1, 3, 3)",1
4465,"(1, 3, 1, 1, 3, 2, 3, 3, 3, 3, 2, 3)",1
4466,"(2, 3, 1, 1, 3, 1, 2, 3, 3, 2, 2, 3)",1
4467,"(1, 2, 3, 1, 3, 3, 3, 3, 3, 2, 3, 3)",1
4468,"(2, 3, 1, 1, 3, 2, 2, 3, 3, 2, 2, 3)",1
4469,"(1, 3, 1, 1, 3, 1, 2, 3, 3, 1, 2, 3)",1
4470,"(1, 2, 1, 1, 2, 1, 1, 3, 3, 1, 2, 3)",1
4471,"(1, 2, 2, 1, 3, 3, 2, 3, 3, 1, 2, 3)",1
4472,"(2, 3, 2, 2, 2, 1, 1, 2, 3, 1, 2, 3)",2
4473,"(1, 2, 2, 2, 2, 2, 3, 3, 3, 2, 2, 3)",1
4474,"(1, 2, 3, 3, 2, 1, 2, 3, 3, 1, 2, 3)",4
4475,"(1, 2, 3, 1, 2, 2, 2, 3, 3, 2, 2, 3)",1
4476,"(1, 2, 3, 2, 2, 1, 1, 3, 3, 1, 2, 3)",1
4477,"(1, 2, 3, 3, 2, 1, 3, 3, 3, 2, 3, 3)",1
4478,"(3, 3, 3, 3, 2, 1, 1, 2, 3, 1, 2, 3)",1
4479,"(2, 2, 2, 2, 2, 1, 1, 3, 3, 1, 2, 3)",1
4480,"(2, 3, 1, 1, 3, 2, 3, 3, 3, 3, 2, 3)",2
4481,"(1, 2, 3, 2, 2, 2, 3, 3, 3, 2, 2, 3)",1
4482,"(1, 2, 3, 1, 3, 3, 3, 2, 3, 3, 3, 3)",1
4483,"(2, 3, 1, 1, 3, 1, 1, 3, 3, 1, 2, 3)",1
4484,"(2, 3, 2, 1, 2, 1, 1, 2, 3, 1, 2, 3)",1
4485,"(1, 3, 1, 1, 3, 1, 2, 2, 3, 2, 3, 3)",1
4486,"(2, 3, 2, 2, 2, 2, 1, 2, 3, 1, 2, 3)",1
4487,"(1, 2, 3, 1, 3, 3, 3, 3, 3, 3, 2, 3)",1
4488,"(1, 2, 1, 1, 3, 2, 2, 3, 3, 1, 2, 3)",1
4489,"(1, 2, 3, 3, 2, 1, 2, 3, 3, 2, 2, 3)",2
4490,"(1, 2, 1, 1, 3, 2, 3, 3, 3, 2, 2, 3)",1
4491,"(1, 2, 2, 1, 3, 3, 1, 3, 3, 1, 2, 3)",1
4492,"(1, 2, 3, 3, 3, 2, 2, 3, 3, 1, 2, 3)",1
4493,"(2, 3, 2, 1, 2, 2, 1, 2, 3, 1, 2, 3)",1
4494,"(2, 3, 1, 1, 2, 1, 3, 3, 3, 3, 2, 3)",2
4495,"(1, 2, 3, 1, 2, 3, 3, 3, 3, 2, 3, 3)",1
4496,"(2, 3, 3, 3, 2, 1, 1, 2, 3, 1, 2, 3)",1
4497,"(1, 2, 3, 3, 3, 3, 2, 3, 3, 1, 2, 3)",1
4498,"(1, 2, 3, 2, 2, 1, 1, 2, 3, 2, 2, 3)",1
4499,"(1, 2, 2, 1, 2, 1, 2, 3, 3, 1, 2, 3)",1
4500,"(1, 2, 2, 1, 3, 3, 3, 2, 3, 3, 2, 3)",1
4501,"(1, 2, 3, 1, 3, 3, 2, 3, 3, 2, 2, 3)",1
4502,"(1, 2, 3, 3, 3, 3, 1, 3, 3, 1, 2, 3)",1
4503,"(1, 2, 3, 1, 3, 3, 2, 3, 3, 2, 3, 3)",1
4504,"(3, 3, 1, 1, 3, 2, 2, 3, 3, 1, 2, 3)",1
4505,"(1, 2, 2, 2, 2, 1, 1, 3, 3, 1, 2, 3)",1
4506,"(1, 3, 1, 1, 3, 1, 2, 3, 3, 2, 2, 3)",2
4507,"(1, 2, 3, 2, 2, 1, 2, 3, 3, 2, 2, 3)",1
4508,"(1, 2, 2, 1, 3, 3, 2, 3, 3, 2, 2, 3)",1
4509,"(1, 2, 3, 3, 2, 1, 2, 3, 3, 2, 2, 3)",2
4510,"(2, 3, 1, 1, 3, 2, 2, 3, 3, 1, 2, 3)",3
4511,"(2, 3, 1, 1, 3, 2, 1, 3, 3, 1, 2, 3)",1
4512,"(1, 2, 3, 2, 2, 3, 2, 3, 3, 1, 2, 3)",1
4513,"(1, 2, 3, 1, 2, 3, 2, 3, 3, 2, 2, 3)",1
4514,"(1, 2, 2, 1, 3, 3, 1, 3, 3, 2, 2, 3)",1
4515,"(1, 3, 1, 1, 3, 2, 3, 2, 3, 3, 2, 3)",1
4516,"(1, 2, 3, 1, 3, 3, 3, 3, 3, 2, 2, 3)",2
4517,"(1, 2, 3, 3, 2, 1, 3, 3, 3, 3, 2, 3)",1
4518,"(2, 3, 1, 1, 3, 2, 1, 2, 3, 1, 3, 3)",1
4519,"(1, 2, 2, 2, 2, 1, 2, 3, 3, 2, 2, 3)",1
4520,"(1, 2, 3, 1, 3, 3, 1, 3, 3, 1, 2, 3)",1
4521,"(1, 2, 1, 1, 3, 1, 2, 3, 3, 1, 2, 3)",2
4522,"(1, 2, 2, 1, 3, 3, 3, 3, 3, 3, 2, 3)",2
4523,"(1, 3, 1, 1, 3, 2, 3, 3, 3, 3, 2, 3)",2
4524,"(2, 3, 3, 1, 3, 3, 1, 2, 3, 1, 3, 3)",1
4525,"(1, 3, 1, 1, 3, 1, 2, 3, 3, 1, 3, 3)",1
4526,"(1, 2, 1, 1, 2, 1, 3, 3, 3, 2, 2, 3)",2
4527,"(1, 2, 2, 1, 2, 1, 3, 3, 3, 3, 3, 3)",1
4528,"(2, 3, 2, 2, 2, 1, 1, 2, 3, 1, 2, 3)",2
4529,"(1, 2, 3, 3, 2, 2, 3, 3, 3, 3, 2, 3)",1
4530,"(1, 2, 2, 2, 2, 1, 3, 3, 3, 3, 2, 3)",1
4531,"(2, 2, 2, 2, 2, 1, 3, 3, 3, 2, 2, 3)",1
4532,"(1, 2, 3, 1, 3, 3, 2, 2, 3, 3, 3, 3)",1
4533,"(1, 2, 3, 1, 2, 3, 2, 3, 3, 1, 2, 3)",1
4534,"(1, 2, 3, 2, 2, 2, 2, 3, 3, 1, 2, 3)",1
4535,"(1, 2, 2, 1, 3, 2, 2, 3, 3, 1, 2, 3)",1
4536,"(2, 3, 1, 1, 3, 1, 2, 3, 3, 1, 2, 3)",1
4537,"(1, 2, 3, 2, 3, 3, 2, 3, 3, 1, 2, 3)",1
4538,"(1, 2, 3, 1, 3, 3, 3, 3, 3, 3, 2, 3)",2
4539,"(1, 2, 1, 1, 3, 2, 2, 3, 3, 1, 2, 3)",1
4540,"(1, 2, 1, 1, 3, 2, 1, 3, 3, 1, 2, 3)",2
4541,"(1, 2, 3, 2, 2, 2, 2, 3, 3, 2, 2, 3)",1
4542,"(2, 3, 3, 1, 2, 2, 1, 2, 3, 1, 3, 3)",1
4543,"(1, 2, 2, 1, 3, 3, 3, 3, 3, 2, 2, 3)",1
4544,"(1, 2, 1, 1, 2, 1, 3, 3, 3, 3, 2, 3)",1
4545,"(1, 2, 3, 3, 2, 2, 3, 3, 3, 2, 3, 3)",1
4546,"(2, 3, 3, 3, 2, 1, 1, 2, 3, 1, 2, 3)",2
4547,"(1, 2, 3, 1, 3, 3, 2, 3, 3, 2, 2, 3)",2
4548,"(1, 2, 1, 1, 3, 1, 2, 3, 3, 2, 2, 3)",1
4549,"(1, 2, 2, 2, 2, 1, 1, 3, 3, 1, 2, 3)",1
4550,"(1, 2, 1, 1, 3, 2, 2, 3, 3, 1, 2, 3)",2
4551,"(1, 3, 1, 1, 3, 1, 2, 3, 3, 2, 2, 3)",1
4552,"(1, 2, 2, 1, 3, 3, 2, 3, 3, 2, 3, 3)",1
4553,"(2, 3, 1, 1, 2, 1, 2, 3, 3, 2, 2, 3)",1
4554,"(1, 2, 3, 2, 2, 1, 2, 3, 3, 2, 2, 3)",1
4555,"(1, 2, 2, 1, 3, 3, 2, 3, 3, 2, 2, 3)",2
4556,"(1, 2, 3, 3, 2, 1, 2, 3, 3, 2, 2, 3)",1
4557,"(2, 3, 1, 1, 3, 2, 2, 3, 3, 1, 2, 3)",3
4558,"(1, 2, 3, 1, 3, 3, 1, 2, 3, 1, 2, 3)",1
4559,"(2, 3, 1, 1, 3, 1, 3, 3, 3, 3, 2, 3)",1
4560,"(2, 3, 1, 1, 3, 2, 1, 3, 3, 1, 2, 3)",1
4561,"(1, 2, 3, 3, 2, 1, 2, 2, 3, 3, 3, 3)",1
4562,"(1, 2, 2, 1, 2, 1, 2, 3, 3, 3, 2, 3)",1
4563,"(2, 3, 3, 2, 2, 3, 1, 2, 3, 1, 3, 3)",1
4564,"(1, 2, 3, 1, 3, 3, 3, 3, 3, 2, 2, 3)",1
4565,"(1, 2, 1, 1, 3, 1, 3, 3, 3, 2, 2, 3)",1
4566,"(1, 2, 1, 1, 3, 2, 3, 3, 3, 3, 2, 3)",1
4567,"(1, 2, 2, 2, 2, 1, 2, 3, 3, 2, 2, 3)",1
4568,"(1, 2, 3, 1, 3, 3, 1, 3, 3, 1, 2, 3)",2
4569,"(1, 2, 3, 1, 3, 3, 2, 3, 3, 1, 2, 3)",1
4570,"(1, 2, 2, 2, 2, 1, 2, 3, 3, 2, 3, 3)",1
4571,"(2, 3, 2, 1, 3, 3, 1, 2, 3, 1, 2, 3)",1
4572,"(1, 2, 1, 1, 3, 1, 2, 3, 3, 1, 2, 3)",2
4573,"(1, 2, 2, 1, 3, 3, 3, 3, 3, 3, 2, 3)",1
4574,"(1, 2, 3, 3, 3, 1, 2, 3, 3, 1, 2, 3)",1
4575,"(1, 2, 1, 1, 2, 1, 2, 3, 3, 1, 2, 3)",1
4576,"(1, 2, 2, 1, 3, 3, 2, 3, 3, 1, 3, 3)",1
4577,"(1, 2, 2, 2, 2, 2, 3, 3, 3, 2, 2, 3)",1
4578,"(1, 2, 3, 3, 2, 1, 2, 3, 3, 1, 2, 3)",1
4579,"(1, 2, 3, 3, 2, 1, 1, 3, 3, 1, 2, 3)",1
4580,"(1, 2, 3, 2, 2, 2, 2, 3, 3, 2, 2, 3)",1
4581,"(1, 2, 3, 2, 2, 3, 3, 3, 3, 3, 2, 3)",1
4582,"(1, 2, 3, 1, 2, 2, 3, 3, 3, 2, 3, 3)",1
4583,"(1, 2, 2, 1, 3, 2, 1, 3, 3, 1, 2, 3)",1
4584,"(1, 2, 2, 1, 3, 2, 2, 3, 3, 1, 2, 3)",1
4585,"(2, 3, 1, 1, 3, 1, 2, 3, 3, 1, 2, 3)",1
4586,"(2, 3, 1, 1, 3, 1, 1, 3, 3, 1, 3, 3)",1
4587,"(1, 2, 2, 1, 2, 1, 2, 3, 3, 2, 2, 3)",1
4588,"(1, 2, 3, 2, 3, 3, 1, 3, 3, 1, 2, 3)",1
4589,"(1, 2, 3, 1, 3, 3, 3, 3, 3, 3, 2, 3)",2
4590,"(1, 2, 2, 2, 2, 1, 1, 2, 3, 2, 2, 3)",1
4591,"(1, 2, 1, 1, 3, 1, 3, 3, 3, 3, 2, 3)",1
4592,"(2, 3, 1, 1, 3, 2, 3, 2, 3, 3, 3, 3)",1
4593,"(1, 2, 3, 2, 2, 2, 3, 3, 3, 3, 3, 3)",1
4594,"(1, 2, 3, 3, 3, 2, 2, 3, 3, 1, 2, 3)",1
4595,"(1, 2, 2, 2, 2, 1, 2, 3, 3, 3, 2, 3)",1
4596,"(2, 3, 2, 1, 2, 2, 1, 2, 3, 1, 2, 3)",1
4597,"(1, 2, 2, 1, 2, 1, 3, 3, 3, 2, 2, 3)",1
4598,"(2, 2, 1, 2, 2, 1, 3, 2, 3, 3, 2, 3)",1
4599,"(1, 2, 1, 1, 2, 1, 3, 3, 3, 3, 2, 3)",1
4600,"(1, 2, 3, 1, 2, 3, 3, 2, 3, 3, 2, 3)",1
4601,"(2, 3, 3, 3, 2, 1, 1, 2, 3, 1, 2, 3)",1
4602,"(1, 2, 2, 1, 2, 1, 1, 3, 3, 1, 2, 3)",1
4603,"(1, 2, 2, 1, 2, 1, 2, 3, 3, 1, 2, 3)",2
4604,"(1, 2, 3, 1, 3, 3, 2, 3, 3, 2, 2, 3)",3
4605,"(1, 2, 2, 2, 2, 1, 2, 3, 3, 1, 2, 3)",2
4606,"(1, 2, 1, 1, 3, 2, 2, 3, 3, 2, 3, 3)",1
4607,"(1, 3, 1, 1, 3, 1, 2, 3, 3, 2, 2, 3)",1
4608,"(1, 2, 2, 1, 3, 3, 2, 2, 3, 2, 2, 3)",1
4609,"(1, 2, 3, 3, 2, 1, 3, 3, 3, 3, 3, 3)",1
4610,"(1, 2, 2, 1, 3, 3, 2, 3, 3, 2, 2, 3)",1
4611,"(2, 3, 1, 1, 3, 2, 1, 3, 3, 1, 3, 3)",1
4612,"(2, 3, 1, 1, 3, 2, 2, 3, 3, 1, 2, 3)",1
4613,"(1, 2, 1, 1, 3, 2, 3, 3, 3, 2, 2, 3)",1
4614,"(2, 3, 1, 1, 3, 1, 3, 3, 3, 3, 3, 3)",1
4615,"(1, 2, 2, 2, 2, 1, 1, 2, 3, 1, 3, 3)",1
4616,"(1, 3, 1, 1, 3, 2, 2, 3, 3, 1, 2, 3)",2
4617,"(3, 3, 2, 2, 2, 1, 1, 3, 3, 1, 2, 3)",1
4618,"(1, 2, 3, 1, 2, 2, 1, 3, 3, 1, 2, 3)",1
4619,"(1, 2, 1, 1, 3, 2, 3, 3, 3, 3, 2, 3)",1
4620,"(1, 2, 3, 2, 2, 2, 1, 3, 3, 1, 2, 3)",1
4621,"(1, 2, 2, 2, 2, 1, 2, 3, 3, 2, 2, 3)",1
4622,"(1, 2, 3, 1, 2, 3, 3, 3, 3, 3, 3, 3)",1
4623,"(1, 2, 3, 1, 2, 3, 3, 3, 3, 3, 2, 3)",1
4624,"(2, 3, 1, 1, 3, 1, 2, 3, 3, 2, 2, 3)",1
4625,"(2, 3, 1, 1, 3, 2, 2, 3, 3, 2, 3, 3)",1
4626,"(1, 2, 2, 2, 2, 1, 3, 3, 3, 3, 2, 3)",4
4627,"(2, 3, 1, 1, 3, 2, 2, 3, 3, 2, 2, 3)",2
4628,"(1, 3, 1, 1, 3, 1, 2, 3, 3, 1, 2, 3)",2
4629,"(1, 3, 1, 1, 3, 1, 2, 3, 3, 1, 3, 3)",1
4630,"(1, 2, 2, 1, 3, 3, 2, 3, 3, 1, 2, 3)",3
4631,"(1, 2, 3, 3, 2, 1, 1, 3, 3, 1, 2, 3)",1
4632,"(1, 2, 3, 3, 2, 1, 3, 3, 3, 2, 2, 3)",1
4633,"(1, 2, 3, 3, 2, 1, 3, 3, 3, 2, 3, 3)",1
4634,"(1, 3, 1, 1, 3, 2, 2, 3, 3, 2, 2, 3)",1
4635,"(1, 2, 3, 2, 2, 1, 3, 3, 3, 3, 3, 3)",1
4636,"(2, 3, 1, 1, 3, 1, 3, 3, 3, 2, 2, 3)",1
4637,"(1, 2, 2, 1, 3, 2, 1, 3, 3, 1, 2, 3)",1
4638,"(1, 2, 2, 1, 3, 2, 2, 3, 3, 1, 2, 3)",1
4639,"(1, 2, 2, 2, 2, 1, 3, 3, 3, 2, 2, 3)",2
4640,"(2, 3, 1, 1, 3, 1, 1, 3, 3, 1, 2, 3)",1
4641,"(2, 3, 1, 1, 3, 1, 2, 3, 3, 1, 2, 3)",2
4642,"(1, 2, 2, 1, 2, 1, 2, 3, 3, 2, 2, 3)",1
4643,"(1, 2, 3, 2, 3, 3, 1, 3, 3, 1, 2, 3)",1
4644,"(1, 2, 3, 1, 3, 3, 3, 3, 3, 3, 2, 3)",2
4645,"(1, 2, 1, 1, 3, 2, 2, 3, 3, 1, 2, 3)",2
4646,"(1, 2, 3, 3, 2, 1, 2, 3, 3, 2, 2, 3)",1
4647,"(2, 3, 1, 1, 2, 1, 3, 3, 3, 2, 2, 3)",1
4648,"(2, 3, 2, 1, 3, 2, 1, 2, 3, 1, 2, 3)",1
4649,"(1, 3, 1, 1, 3, 2, 3, 3, 3, 2, 2, 3)",1
4650,"(1, 3, 1, 1, 3, 2, 1, 3, 3, 1, 2, 3)",1
4651,"(1, 2, 3, 2, 2, 2, 3, 3, 3, 3, 2, 3)",2
4652,"(1, 2, 3, 2, 2, 3, 2, 3, 3, 2, 2, 3)",1
4653,"(2, 3, 3, 3, 2, 1, 1, 3, 3, 1, 2, 3)",1
4654,"(1, 2, 1, 1, 2, 1, 3, 3, 3, 3, 2, 3)",1
4655,"(2, 3, 3, 3, 2, 1, 1, 2, 3, 1, 2, 3)",2
4656,"(1, 2, 2, 1, 2, 1, 1, 3, 3, 1, 2, 3)",1
4657,"(1, 2, 3, 3, 2, 1, 3, 3, 3, 3, 2, 3)",4
4658,"(1, 2, 1, 1, 3, 1, 2, 3, 3, 2, 2, 3)",1
4659,"(1, 2, 1, 1, 3, 2, 2, 3, 3, 2, 2, 3)",3
4660,"(1, 2, 2, 1, 2, 2, 3, 3, 3, 2, 2, 3)",1
4661,"(1, 2, 2, 1, 3, 3, 2, 3, 3, 2, 2, 3)",1
4662,"(2, 3, 1, 1, 3, 1, 3, 3, 3, 3, 2, 3)",1
4663,"(2, 3, 1, 1, 3, 2, 2, 3, 3, 1, 2, 3)",2
4664,"(2, 3, 1, 1, 3, 2, 1, 3, 3, 1, 2, 3)",1
4665,"(1, 2, 3, 3, 2, 1, 2, 2, 3, 3, 3, 3)",1
4666,"(1, 2, 2, 1, 2, 1, 2, 3, 3, 3, 2, 3)",1
4667,"(1, 3, 1, 1, 3, 2, 3, 2, 3, 3, 3, 3)",1
4668,"(1, 2, 1, 1, 3, 2, 2, 3, 3, 1, 3, 3)",2
4669,"(1, 2, 2, 2, 2, 1, 1, 2, 3, 1, 2, 3)",1
4670,"(2, 3, 3, 3, 2, 2, 1, 2, 3, 1, 2, 3)",1
4671,"(1, 2, 2, 1, 2, 1, 2, 3, 3, 1, 2, 3)",1
4672,"(1, 2, 1, 1, 3, 1, 1, 3, 3, 1, 2, 3)",1
4673,"(2, 3, 1, 1, 3, 2, 2, 3, 3, 1, 3, 3)",1
4674,"(1, 3, 3, 2, 2, 2, 1, 2, 3, 1, 2, 3)",1
4675,"(2, 3, 1, 1, 3, 1, 1, 2, 3, 1, 2, 3)",1
4676,"(1, 2, 3, 1, 2, 3, 3, 3, 3, 3, 3, 3)",1
4677,"(1, 2, 2, 1, 3, 3, 3, 3, 3, 3, 2, 3)",1
4678,"(1, 2, 2, 2, 3, 2, 2, 3, 3, 1, 2, 3)",1
4679,"(1, 2, 3, 2, 2, 2, 3, 3, 3, 2, 3, 3)",1
4680,"(2, 3, 1, 1, 3, 2, 2, 3, 3, 2, 2, 3)",2
4681,"(1, 2, 2, 1, 3, 3, 2, 3, 3, 1, 2, 3)",1
4682,"(2, 3, 3, 1, 3, 3, 1, 2, 3, 1, 2, 3)",2
4683,"(1, 2, 1, 1, 3, 1, 2, 3, 3, 3, 2, 3)",1
4684,"(1, 2, 2, 1, 3, 3, 2, 2, 3, 3, 3, 3)",1
4685,"(2, 3, 2, 2, 2, 1, 1, 2, 3, 1, 3, 3)",1
4686,"(1, 2, 3, 3, 2, 1, 3, 3, 3, 2, 2, 3)",1
4687,"(1, 2, 2, 2, 2, 2, 3, 3, 3, 3, 2, 3)",1
4688,"(2, 3, 2, 1, 3, 3, 1, 2, 3, 2, 3, 3)",1
4689,"(2, 3, 1, 1, 3, 1, 3, 3, 3, 2, 2, 3)",1
4690,"(1, 2, 3, 2, 2, 3, 3, 3, 3, 3, 2, 3)",1
4691,"(2, 3, 1, 1, 3, 1, 2, 3, 3, 2, 2, 3)",1
4692,"(2, 3, 1, 1, 3, 1, 2, 3, 3, 1, 3, 3)",1
4693,"(2, 3, 3, 2, 2, 2, 1, 3, 3, 1, 2, 3)",1
4694,"(2, 3, 1, 1, 3, 1, 1, 3, 3, 1, 2, 3)",1
4695,"(2, 3, 1, 1, 3, 1, 2, 3, 3, 1, 2, 3)",1
4696,"(1, 2, 3, 1, 3, 3, 3, 3, 3, 3, 2, 3)",1
4697,"(2, 3, 1, 1, 3, 2, 2, 2, 3, 3, 3, 3)",1
4698,"(1, 2, 1, 1, 3, 2, 2, 3, 3, 1, 2, 3)",2
4699,"(1, 2, 1, 1, 3, 2, 3, 3, 3, 2, 2, 3)",1
4700,"(1, 2, 2, 1, 3, 3, 1, 3, 3, 1, 2, 3)",1
4701,"(1, 3, 1, 1, 3, 1, 3, 3, 3, 2, 2, 3)",1
4702,"(1, 2, 3, 3, 3, 2, 1, 3, 3, 1, 2, 3)",1
4703,"(1, 2, 1, 1, 3, 2, 1, 2, 3, 1, 2, 3)",1
4704,"(1, 2, 2, 1, 2, 1, 3, 3, 3, 2, 2, 3)",1
4705,"(1, 2, 1, 1, 2, 1, 2, 3, 3, 1, 3, 3)",1
4706,"(1, 2, 2, 2, 2, 1, 2, 3, 3, 1, 2, 3)",2
4707,"(2, 3, 1, 1, 3, 1, 2, 2, 3, 3, 2, 3)",1
4708,"(1, 2, 3, 3, 2, 1, 3, 3, 3, 3, 3, 3)",1
4709,"(2, 3, 1, 1, 3, 1, 2, 2, 3, 3, 3, 3)",1
4710,"(1, 3, 1, 1, 2, 1, 1, 2, 3, 1, 2, 3)",1
4711,"(1, 2, 3, 3, 2, 1, 3, 3, 3, 3, 2, 3)",1
4712,"(1, 2, 3, 1, 3, 3, 2, 3, 3, 2, 2, 3)",3
4713,"(1, 2, 2, 3, 2, 1, 2, 3, 3, 2, 2, 3)",1
4714,"(1, 2, 1, 1, 3, 1, 2, 3, 3, 2, 2, 3)",1
4715,"(1, 2, 2, 2, 2, 1, 1, 3, 3, 1, 2, 3)",2
4716,"(2, 3, 2, 1, 2, 2, 1, 3, 3, 1, 2, 3)",1
4717,"(2, 2, 3, 3, 2, 1, 3, 3, 3, 2, 2, 3)",1
4718,"(2, 3, 1, 1, 3, 2, 1, 3, 3, 1, 3, 3)",1
4719,"(2, 3, 1, 1, 3, 1, 3, 3, 3, 3, 2, 3)",2
4720,"(2, 3, 1, 1, 3, 2, 2, 3, 3, 1, 2, 3)",2
4721,"(1, 2, 3, 3, 2, 1, 2, 2, 3, 3, 3, 3)",1
4722,"(3, 3, 2, 2, 2, 1, 1, 3, 3, 1, 2, 3)",1
4723,"(3, 3, 3, 3, 2, 2, 1, 3, 3, 1, 2, 3)",1
4724,"(1, 2, 3, 1, 3, 3, 3, 3, 3, 2, 2, 3)",1
4725,"(1, 2, 3, 2, 2, 2, 2, 3, 3, 1, 3, 3)",1
4726,"(2, 3, 2, 1, 3, 3, 1, 2, 3, 1, 2, 3)",1
4727,"(3, 3, 1, 1, 2, 1, 3, 3, 3, 3, 2, 3)",1
4728,"(1, 2, 1, 1, 3, 2, 3, 3, 3, 3, 2, 3)",2
4729,"(1, 2, 3, 1, 3, 3, 2, 3, 3, 1, 3, 3)",1
4730,"(1, 3, 1, 1, 3, 1, 3, 3, 3, 3, 2, 3)",1
4731,"(2, 3, 2, 1, 2, 1, 1, 3, 3, 1, 2, 3)",1
4732,"(1, 2, 1, 1, 3, 1, 2, 3, 3, 1, 2, 3)",1
4733,"(1, 2, 2, 1, 3, 3, 3, 3, 3, 3, 2, 3)",1
4734,"(1, 2, 3, 2, 2, 1, 3, 3, 3, 2, 2, 3)",1
4735,"(1, 2, 2, 3, 3, 2, 2, 3, 3, 1, 2, 3)",1
4736,"(2, 3, 1, 1, 3, 1, 2, 3, 3, 2, 2, 3)",1
4737,"(1, 2, 2, 2, 3, 2, 1, 3, 3, 1, 2, 3)",1
4738,"(1, 2, 3, 3, 2, 1, 1, 3, 3, 1, 2, 3)",2
4739,"(2, 3, 1, 1, 3, 2, 2, 3, 3, 2, 2, 3)",1
4740,"(1, 3, 1, 1, 3, 1, 2, 3, 3, 1, 2, 3)",3
4741,"(2, 3, 3, 1, 3, 3, 1, 2, 3, 1, 3, 3)",1
4742,"(1, 2, 2, 1, 3, 3, 2, 3, 3, 1, 2, 3)",2
4743,"(1, 2, 3, 1, 3, 3, 2, 3, 3, 3, 2, 3)",1
4744,"(2, 3, 2, 2, 2, 1, 1, 2, 3, 1, 2, 3)",1
4745,"(1, 2, 3, 3, 2, 1, 2, 3, 3, 1, 2, 3)",3
4746,"(1, 2, 2, 2, 2, 1, 3, 3, 3, 3, 2, 3)",1
4747,"(2, 3, 1, 1, 3, 2, 3, 3, 3, 3, 2, 3)",3
4748,"(2, 3, 3, 3, 2, 2, 1, 3, 3, 1, 2, 3)",1
4749,"(1, 2, 2, 1, 3, 2, 2, 3, 3, 1, 2, 3)",1
4750,"(2, 2, 3, 3, 2, 1, 3, 3, 3, 3, 2, 3)",2
4751,"(2, 3, 1, 1, 3, 1, 1, 3, 3, 1, 2, 3)",2
4752,"(2, 3, 1, 1, 3, 1, 2, 3, 3, 1, 2, 3)",2
4753,"(1, 2, 2, 2, 2, 1, 3, 2, 3, 3, 2, 3)",1
4754,"(1, 2, 2, 1, 2, 1, 2, 3, 3, 2, 2, 3)",1
4755,"(2, 3, 3, 2, 2, 3, 1, 2, 3, 2, 3, 3)",1
4756,"(3, 3, 3, 3, 2, 1, 1, 3, 3, 1, 2, 3)",1
4757,"(1, 2, 1, 1, 3, 2, 1, 3, 3, 1, 2, 3)",1
4758,"(1, 2, 3, 3, 2, 1, 2, 3, 3, 2, 2, 3)",2
4759,"(1, 2, 1, 1, 3, 2, 3, 3, 3, 2, 3, 3)",1
4760,"(1, 2, 3, 2, 2, 2, 3, 3, 3, 3, 2, 3)",1
4761,"(1, 2, 3, 3, 3, 2, 2, 3, 3, 1, 2, 3)",2
4762,"(2, 3, 1, 1, 2, 1, 1, 2, 3, 1, 2, 3)",1
4763,"(2, 3, 1, 1, 2, 1, 3, 3, 3, 3, 2, 3)",1
4764,"(2, 3, 1, 1, 3, 1, 1, 3, 3, 2, 2, 3)",1
4765,"(1, 2, 3, 3, 2, 1, 3, 3, 3, 3, 2, 3)",3
4766,"(1, 2, 3, 1, 3, 3, 2, 3, 3, 2, 2, 3)",1
4767,"(3, 3, 3, 1, 3, 3, 1, 3, 3, 1, 2, 3)",1
4768,"(2, 3, 1, 1, 3, 2, 1, 3, 3, 1, 3, 3)",1
4769,"(1, 2, 3, 3, 2, 2, 2, 3, 3, 1, 2, 3)",1
4770,"(1, 2, 1, 1, 3, 2, 2, 3, 3, 1, 2, 3)",1
4771,"(1, 2, 1, 1, 3, 2, 2, 3, 3, 2, 2, 3)",2
4772,"(1, 2, 1, 1, 2, 1, 2, 2, 3, 3, 3, 3)",1
4773,"(1, 2, 2, 1, 3, 3, 2, 3, 3, 2, 2, 3)",1
4774,"(2, 3, 1, 1, 3, 2, 2, 3, 3, 1, 2, 3)",3
4775,"(2, 3, 1, 1, 3, 1, 3, 3, 3, 3, 2, 3)",1
4776,"(1, 2, 3, 2, 2, 3, 2, 3, 3, 1, 2, 3)",1
4777,"(2, 3, 1, 1, 2, 1, 3, 3, 3, 3, 2, 3)",1
4778,"(1, 2, 3, 1, 3, 3, 3, 3, 3, 2, 2, 3)",2
4779,"(1, 2, 2, 2, 2, 1, 2, 2, 3, 2, 2, 3)",1
4780,"(1, 2, 1, 1, 3, 2, 3, 3, 3, 3, 2, 3)",2
4781,"(1, 3, 3, 2, 2, 2, 1, 2, 3, 1, 2, 3)",1
4782,"(1, 2, 2, 1, 3, 3, 3, 3, 3, 3, 3, 3)",1
4783,"(1, 2, 1, 1, 2, 1, 2, 3, 3, 2, 2, 3)",1
4784,"(1, 2, 3, 1, 2, 3, 3, 3, 3, 3, 2, 3)",1
4785,"(2, 3, 1, 1, 3, 1, 2, 3, 3, 2, 2, 3)",1
4786,"(2, 3, 2, 2, 2, 1, 1, 3, 3, 1, 2, 3)",1
4787,"(2, 3, 1, 1, 3, 2, 2, 3, 3, 2, 2, 3)",3
4788,"(3, 3, 1, 1, 3, 2, 1, 3, 3, 1, 2, 3)",1
4789,"(2, 3, 2, 2, 2, 1, 1, 2, 3, 1, 2, 3)",1
4790,"(1, 2, 3, 3, 2, 1, 2, 3, 3, 1, 2, 3)",1
4791,"(1, 2, 3, 3, 2, 1, 1, 3, 3, 1, 2, 3)",1
4792,"(1, 2, 3, 3, 2, 1, 3, 3, 3, 2, 2, 3)",2
4793,"(1, 3, 1, 1, 3, 2, 1, 2, 3, 1, 2, 3)",1
4794,"(1, 2, 2, 1, 3, 2, 3, 3, 3, 2, 2, 3)",1
4795,"(2, 3, 1, 1, 3, 2, 3, 3, 3, 3, 2, 3)",2
4796,"(1, 2, 2, 1, 3, 2, 2, 3, 3, 1, 2, 3)",1
4797,"(1, 2, 2, 2, 2, 1, 3, 3, 3, 2, 2, 3)",2
4798,"(2, 3, 1, 1, 3, 1, 1, 3, 3, 1, 2, 3)",1
4799,"(2, 3, 1, 1, 3, 1, 2, 3, 3, 1, 2, 3)",1
4800,"(1, 2, 3, 2, 3, 3, 2, 3, 3, 1, 2, 3)",1
4801,"(1, 2, 2, 1, 2, 2, 2, 3, 3, 2, 2, 3)",1
4802,"(1, 2, 3, 1, 3, 3, 3, 3, 3, 3, 2, 3)",4
4803,"(1, 2, 2, 1, 3, 3, 1, 3, 3, 1, 3, 3)",1
4804,"(1, 2, 3, 3, 2, 1, 2, 3, 3, 2, 2, 3)",1
4805,"(1, 2, 2, 1, 3, 3, 1, 3, 3, 1, 2, 3)",1
4806,"(2, 3, 3, 2, 2, 2, 1, 2, 3, 1, 2, 3)",1
4807,"(1, 2, 1, 1, 3, 2, 3, 3, 3, 2, 3, 3)",1
4808,"(1, 2, 3, 2, 2, 2, 3, 3, 3, 3, 2, 3)",1
4809,"(1, 3, 1, 1, 3, 1, 3, 3, 3, 2, 2, 3)",1
4810,"(1, 2, 3, 1, 2, 3, 2, 3, 3, 1, 2, 3)",1
4811,"(1, 2, 1, 1, 2, 1, 3, 3, 3, 3, 3, 3)",1
4812,"(3, 3, 1, 1, 3, 1, 2, 3, 3, 1, 2, 3)",1
4813,"(1, 2, 1, 1, 2, 1, 3, 3, 3, 3, 2, 3)",1
4814,"(2, 3, 3, 3, 2, 1, 1, 2, 3, 1, 2, 3)",1
4815,"(1, 2, 2, 1, 2, 1, 1, 3, 3, 1, 2, 3)",1
4816,"(1, 2, 3, 3, 2, 1, 3, 3, 3, 3, 2, 3)",3
4817,"(1, 2, 3, 1, 3, 3, 2, 3, 3, 2, 2, 3)",1
4818,"(1, 2, 1, 1, 3, 1, 2, 3, 3, 2, 2, 3)",1
4819,"(2, 3, 1, 1, 2, 1, 2, 3, 3, 1, 2, 3)",1
4820,"(1, 2, 1, 1, 3, 2, 2, 3, 3, 2, 2, 3)",1
4821,"(1, 2, 3, 2, 2, 3, 1, 3, 3, 2, 2, 3)",1
4822,"(1, 2, 2, 1, 3, 3, 2, 3, 3, 2, 2, 3)",1
4823,"(2, 3, 2, 1, 2, 2, 1, 3, 3, 1, 2, 3)",1
4824,"(2, 3, 1, 1, 3, 2, 2, 3, 3, 1, 2, 3)",2
4825,"(2, 3, 1, 1, 3, 1, 3, 3, 3, 3, 2, 3)",1
4826,"(1, 2, 2, 2, 2, 1, 1, 2, 3, 1, 2, 3)",1
4827,"(2, 3, 2, 1, 3, 3, 1, 3, 3, 1, 2, 3)",1
4828,"(2, 3, 1, 1, 3, 2, 3, 3, 3, 2, 3, 3)",1
4829,"(1, 2, 2, 1, 3, 3, 1, 3, 3, 2, 2, 3)",1
4830,"(1, 3, 1, 1, 3, 2, 2, 3, 3, 1, 2, 3)",1
4831,"(3, 3, 2, 2, 2, 1, 1, 3, 3, 1, 2, 3)",2
4832,"(2, 3, 3, 3, 2, 1, 1, 2, 3, 2, 2, 3)",1
4833,"(1, 2, 2, 1, 3, 3, 1, 2, 3, 2, 3, 3)",1
4834,"(1, 2, 3, 1, 3, 3, 2, 3, 3, 1, 3, 3)",1
4835,"(1, 2, 2, 2, 2, 1, 2, 3, 3, 2, 2, 3)",1
4836,"(1, 2, 3, 1, 3, 3, 2, 3, 3, 1, 2, 3)",2
4837,"(1, 3, 1, 1, 3, 1, 3, 3, 3, 3, 2, 3)",2
4838,"(1, 2, 1, 1, 3, 1, 1, 3, 3, 1, 2, 3)",2
4839,"(1, 2, 1, 1, 3, 1, 2, 3, 3, 1, 2, 3)",1
4840,"(1, 2, 3, 3, 2, 1, 2, 3, 3, 3, 2, 3)",1
4841,"(1, 2, 2, 1, 3, 2, 2, 3, 3, 2, 2, 3)",1
4842,"(2, 3, 1, 1, 2, 1, 1, 2, 3, 2, 3, 3)",1
4843,"(2, 3, 1, 1, 3, 1, 2, 3, 3, 2, 2, 3)",1
4844,"(2, 3, 2, 2, 2, 1, 1, 3, 3, 1, 2, 3)",1
4845,"(2, 3, 2, 1, 3, 2, 1, 2, 3, 2, 2, 3)",1
4846,"(1, 2, 3, 3, 2, 1, 3, 3, 3, 3, 3, 3)",1
4847,"(1, 2, 3, 3, 2, 1, 1, 3, 3, 1, 2, 3)",1
4848,"(1, 2, 3, 3, 2, 1, 3, 2, 3, 3, 3, 3)",1
4849,"(1, 2, 1, 1, 2, 1, 3, 3, 3, 2, 2, 3)",1
4850,"(2, 3, 2, 1, 3, 3, 1, 2, 3, 1, 2, 3)",1
4851,"(1, 2, 2, 1, 3, 3, 2, 3, 3, 1, 3, 3)",1
4852,"(1, 2, 2, 2, 2, 1, 3, 3, 3, 3, 3, 3)",1
4853,"(1, 2, 3, 3, 2, 1, 2, 3, 3, 1, 2, 3)",2
4854,"(1, 2, 2, 2, 2, 1, 3, 3, 3, 3, 2, 3)",2
4855,"(1, 2, 3, 3, 2, 1, 3, 3, 3, 2, 2, 3)",1
4856,"(1, 3, 1, 1, 3, 2, 2, 3, 3, 2, 2, 3)",2
4857,"(2, 3, 1, 1, 3, 1, 3, 3, 3, 2, 2, 3)",1
4858,"(1, 2, 3, 3, 2, 2, 3, 3, 3, 3, 2, 3)",1
4859,"(1, 2, 2, 2, 2, 1, 3, 3, 3, 2, 2, 3)",1
4860,"(2, 3, 1, 1, 3, 1, 1, 3, 3, 1, 2, 3)",1
4861,"(2, 3, 1, 1, 3, 1, 2, 3, 3, 1, 2, 3)",1
4862,"(1, 2, 2, 1, 2, 1, 2, 3, 3, 2, 2, 3)",1
4863,"(1, 3, 1, 1, 2, 1, 3, 3, 3, 2, 2, 3)",1
4864,"(1, 2, 3, 2, 2, 1, 2, 3, 3, 1, 2, 3)",1
4865,"(3, 3, 3, 3, 2, 1, 1, 3, 3, 1, 2, 3)",1
4866,"(1, 2, 3, 2, 3, 3, 1, 3, 3, 1, 2, 3)",2
4867,"(1, 2, 3, 1, 3, 3, 3, 3, 3, 3, 2, 3)",5
4868,"(1, 2, 1, 1, 3, 2, 2, 3, 3, 1, 2, 3)",2
4869,"(1, 2, 1, 1, 3, 2, 1, 3, 3, 1, 2, 3)",3
4870,"(1, 2, 2, 1, 3, 3, 1, 3, 3, 1, 2, 3)",1
4871,"(1, 2, 3, 1, 2, 2, 2, 3, 3, 3, 2, 3)",1
4872,"(1, 2, 3, 2, 2, 1, 2, 3, 3, 2, 2, 3)",1
4873,"(1, 2, 3, 3, 3, 2, 2, 3, 3, 1, 2, 3)",1
4874,"(1, 2, 2, 1, 3, 3, 3, 3, 3, 2, 2, 3)",1
4875,"(1, 2, 3, 1, 2, 3, 3, 3, 3, 2, 2, 3)",1
4876,"(1, 2, 2, 2, 3, 1, 2, 3, 3, 1, 2, 3)",1
4877,"(2, 3, 3, 3, 2, 1, 1, 2, 3, 1, 2, 3)",1
4878,"(3, 3, 1, 1, 3, 2, 1, 3, 3, 1, 2, 3)",1
4879,"(1, 2, 3, 1, 3, 3, 2, 3, 3, 2, 2, 3)",1
4880,"(1, 2, 2, 2, 2, 1, 2, 3, 3, 1, 2, 3)",1
4881,"(1, 2, 3, 3, 2, 2, 2, 3, 3, 1, 2, 3)",1
4882,"(1, 2, 1, 1, 3, 2, 2, 3, 3, 2, 3, 3)",1
4883,"(1, 2, 1, 1, 3, 2, 2, 3, 3, 2, 2, 3)",1
4884,"(1, 2, 2, 1, 3, 3, 2, 2, 3, 2, 3, 3)",1
4885,"(1, 2, 3, 3, 2, 1, 2, 3, 3, 2, 2, 3)",1
4886,"(2, 3, 1, 1, 3, 2, 2, 3, 3, 1, 2, 3)",2
4887,"(2, 3, 1, 1, 3, 1, 3, 3, 3, 3, 2, 3)",2
4888,"(2, 3, 1, 1, 3, 2, 1, 3, 3, 1, 2, 3)",1
4889,"(1, 2, 3, 3, 2, 1, 2, 2, 3, 3, 3, 3)",1
4890,"(3, 3, 2, 2, 2, 1, 1, 3, 3, 1, 2, 3)",1
4891,"(2, 2, 2, 3, 2, 1, 3, 3, 3, 3, 2, 3)",1
4892,"(1, 2, 3, 1, 3, 3, 3, 3, 3, 2, 2, 3)",1
4893,"(1, 2, 3, 3, 2, 1, 1, 3, 3, 2, 2, 3)",1
4894,"(2, 3, 1, 1, 3, 2, 1, 2, 3, 1, 2, 3)",1
4895,"(3, 3, 1, 1, 2, 1, 3, 3, 3, 3, 2, 3)",1
4896,"(2, 3, 1, 1, 2, 1, 3, 3, 3, 3, 2, 3)",1
4897,"(1, 2, 3, 1, 3, 3, 2, 3, 3, 1, 3, 3)",1
4898,"(1, 3, 1, 1, 3, 1, 3, 3, 3, 3, 3, 3)",1
4899,"(1, 2, 3, 1, 3, 3, 2, 3, 3, 1, 2, 3)",1
4900,"(1, 2, 3, 2, 2, 2, 1, 3, 3, 1, 2, 3)",1
4901,"(1, 2, 1, 1, 3, 1, 1, 3, 3, 1, 2, 3)",1
4902,"(1, 2, 1, 1, 3, 1, 2, 3, 3, 1, 2, 3)",1
4903,"(1, 2, 2, 1, 3, 3, 3, 3, 3, 3, 2, 3)",1
4904,"(1, 2, 2, 1, 3, 2, 2, 3, 3, 2, 2, 3)",1
4905,"(1, 2, 3, 2, 2, 1, 1, 3, 3, 1, 2, 3)",1
4906,"(2, 3, 2, 1, 3, 3, 1, 2, 3, 1, 2, 3)",1
4907,"(2, 3, 1, 1, 3, 2, 2, 3, 3, 2, 2, 3)",1
4908,"(2, 3, 1, 1, 3, 2, 1, 3, 3, 2, 2, 3)",1
4909,"(1, 2, 1, 1, 2, 1, 2, 3, 3, 1, 2, 3)",1
4910,"(1, 2, 2, 1, 3, 3, 2, 3, 3, 1, 2, 3)",3
4911,"(1, 2, 2, 1, 3, 3, 3, 2, 3, 3, 3, 3)",1
4912,"(2, 2, 2, 2, 2, 1, 1, 2, 3, 1, 2, 3)",1
4913,"(1, 2, 2, 2, 2, 1, 3, 3, 3, 3, 3, 3)",1
4914,"(1, 2, 2, 2, 2, 1, 3, 3, 3, 3, 2, 3)",3
4915,"(1, 2, 1, 1, 3, 2, 2, 3, 3, 1, 3, 3)",1
4916,"(1, 2, 3, 2, 2, 3, 3, 3, 3, 3, 2, 3)",1
4917,"(1, 2, 2, 1, 3, 2, 2, 3, 3, 1, 3, 3)",1
4918,"(2, 3, 2, 2, 2, 1, 1, 2, 3, 1, 2, 3)",1
4919,"(1, 2, 2, 1, 3, 2, 2, 3, 3, 1, 2, 3)",1
4920,"(2, 3, 2, 1, 3, 3, 1, 2, 3, 1, 3, 3)",1
4921,"(1, 2, 2, 1, 2, 1, 2, 3, 3, 2, 2, 3)",1
4922,"(1, 2, 1, 1, 3, 1, 3, 3, 3, 3, 2, 3)",1
4923,"(1, 2, 3, 2, 2, 1, 2, 3, 3, 1, 2, 3)",1
4924,"(2, 2, 2, 3, 2, 1, 2, 3, 3, 1, 2, 3)",2
4925,"(1, 2, 3, 2, 2, 1, 3, 2, 3, 3, 2, 3)",1
4926,"(1, 2, 1, 2, 2, 1, 3, 3, 3, 3, 2, 3)",1
4927,"(1, 2, 3, 3, 2, 2, 2, 3, 3, 2, 2, 3)",1
4928,"(1, 3, 1, 1, 3, 1, 1, 3, 3, 1, 2, 3)",1
4929,"(1, 2, 1, 1, 3, 2, 2, 3, 3, 1, 2, 3)",1
4930,"(2, 3, 1, 1, 2, 1, 1, 3, 3, 1, 2, 3)",1
4931,"(2, 3, 2, 1, 3, 2, 1, 2, 3, 1, 2, 3)",1
4932,"(1, 3, 1, 1, 3, 2, 3, 3, 3, 2, 2, 3)",1
4933,"(1, 3, 1, 1, 3, 1, 3, 3, 3, 2, 2, 3)",1
4934,"(2, 3, 3, 1, 3, 3, 1, 2, 3, 2, 3, 3)",1
4935,"(1, 2, 2, 1, 3, 3, 3, 3, 3, 2, 2, 3)",1
4936,"(2, 3, 1, 1, 2, 1, 1, 2, 3, 1, 2, 3)",1
4937,"(1, 2, 2, 1, 3, 3, 3, 3, 3, 2, 3, 3)",1
4938,"(1, 2, 2, 1, 3, 2, 2, 3, 3, 1, 3, 3)",1
4939,"(1, 2, 1, 1, 2, 1, 2, 3, 3, 1, 2, 3)",2
4940,"(1, 2, 3, 2, 2, 2, 2, 2, 3, 3, 3, 3)",1
4941,"(2, 2, 2, 3, 2, 1, 2, 3, 3, 2, 2, 3)",1
4942,"(1, 2, 2, 2, 2, 1, 1, 3, 3, 1, 3, 3)",1
4943,"(3, 3, 2, 2, 2, 1, 1, 2, 3, 1, 2, 3)",1
4944,"(1, 2, 2, 2, 2, 1, 2, 3, 3, 1, 2, 3)",2
4945,"(2, 3, 3, 1, 3, 3, 1, 2, 3, 1, 3, 3)",1
4946,"(1, 3, 1, 1, 3, 1, 2, 3, 3, 2, 2, 3)",1
4947,"(1, 2, 3, 2, 2, 1, 2, 3, 3, 2, 2, 3)",3
4948,"(1, 2, 3, 1, 3, 3, 1, 2, 3, 1, 2, 3)",1
4949,"(2, 3, 1, 1, 3, 2, 2, 3, 3, 1, 2, 3)",1
4950,"(2, 3, 1, 1, 3, 2, 1, 3, 3, 1, 2, 3)",2
4951,"(1, 3, 1, 1, 3, 2, 2, 3, 3, 1, 2, 3)",1
4952,"(2, 3, 2, 1, 3, 2, 1, 2, 3, 1, 2, 3)",1
4953,"(1, 2, 3, 2, 2, 2, 2, 3, 3, 1, 3, 3)",1
4954,"(1, 2, 2, 1, 2, 2, 3, 3, 3, 2, 2, 3)",1
4955,"(1, 2, 1, 1, 3, 2, 3, 3, 3, 3, 3, 3)",1
4956,"(1, 2, 1, 1, 3, 1, 3, 3, 3, 2, 2, 3)",1
4957,"(1, 2, 3, 1, 3, 3, 1, 3, 3, 1, 2, 3)",1
4958,"(1, 2, 3, 1, 3, 3, 2, 3, 3, 1, 2, 3)",1
4959,"(1, 2, 3, 2, 2, 2, 1, 3, 3, 1, 2, 3)",1
4960,"(1, 2, 2, 1, 3, 3, 3, 3, 3, 3, 3, 3)",2
4961,"(1, 2, 1, 1, 3, 1, 2, 3, 3, 1, 2, 3)",3
4962,"(1, 2, 2, 1, 3, 3, 3, 3, 3, 3, 2, 3)",1
4963,"(1, 2, 3, 1, 2, 3, 3, 3, 3, 3, 2, 3)",1
4964,"(1, 2, 2, 1, 3, 3, 2, 2, 3, 3, 3, 3)",1
4965,"(1, 2, 2, 2, 3, 2, 2, 3, 3, 1, 2, 3)",1
4966,"(2, 3, 1, 1, 2, 1, 3, 2, 3, 3, 2, 3)",1
4967,"(1, 2, 3, 2, 2, 2, 3, 3, 3, 2, 2, 3)",1
4968,"(1, 2, 2, 1, 3, 3, 2, 3, 3, 1, 2, 3)",3
4969,"(2, 3, 2, 2, 2, 1, 1, 2, 3, 1, 2, 3)",1
4970,"(2, 3, 1, 1, 3, 1, 1, 2, 3, 1, 2, 3)",1
4971,"(1, 2, 3, 3, 2, 1, 2, 3, 3, 1, 2, 3)",1
4972,"(1, 2, 2, 2, 2, 1, 3, 3, 3, 3, 2, 3)",1
4973,"(1, 2, 3, 3, 2, 1, 3, 3, 3, 2, 2, 3)",2
4974,"(2, 3, 1, 1, 3, 1, 3, 3, 3, 2, 3, 3)",1
4975,"(2, 2, 2, 2, 2, 1, 1, 3, 3, 1, 2, 3)",1
4976,"(2, 3, 1, 1, 3, 2, 3, 3, 3, 3, 2, 3)",1
4977,"(1, 2, 3, 3, 2, 1, 1, 2, 3, 1, 2, 3)",1
4978,"(2, 3, 1, 1, 3, 1, 1, 3, 3, 1, 2, 3)",1
4979,"(1, 2, 2, 1, 2, 2, 2, 2, 3, 2, 3, 3)",1
4980,"(3, 3, 3, 3, 2, 1, 1, 3, 3, 1, 2, 3)",1
4981,"(1, 2, 2, 1, 2, 1, 2, 3, 3, 2, 2, 3)",1
4982,"(1, 2, 3, 1, 2, 3, 2, 3, 3, 3, 2, 3)",1
4983,"(1, 2, 3, 2, 3, 3, 2, 3, 3, 1, 2, 3)",1
4984,"(1, 2, 1, 1, 3, 2, 2, 3, 3, 1, 3, 3)",1
4985,"(3, 3, 1, 2, 2, 1, 3, 3, 3, 3, 2, 3)",1
4986,"(1, 2, 3, 1, 3, 3, 3, 3, 3, 3, 2, 3)",2
4987,"(1, 2, 3, 3, 2, 1, 2, 3, 3, 2, 2, 3)",2
4988,"(1, 2, 2, 1, 3, 3, 1, 3, 3, 1, 2, 3)",1
4989,"(1, 2, 3, 1, 2, 2, 2, 3, 3, 3, 2, 3)",1
4990,"(2, 3, 3, 2, 2, 1, 1, 2, 3, 1, 3, 3)",1
4991,"(1, 2, 3, 1, 2, 3, 2, 3, 3, 1, 2, 3)",1
4992,"(1, 2, 1, 1, 2, 1, 3, 3, 3, 3, 2, 3)",2
4993,"(1, 2, 3, 1, 2, 2, 2, 3, 3, 2, 2, 3)",1
4994,"(2, 3, 3, 3, 2, 1, 1, 2, 3, 1, 2, 3)",1
4995,"(1, 2, 2, 1, 2, 1, 1, 3, 3, 1, 2, 3)",1
4996,"(1, 2, 3, 3, 2, 1, 3, 3, 3, 3, 2, 3)",2
4997,"(1, 2, 2, 2, 2, 1, 1, 2, 3, 1, 2, 3)",1
4998,"(1, 2, 3, 1, 3, 3, 2, 3, 3, 2, 2, 3)",1
4999,"(1, 3, 2, 2, 2, 1, 1, 2, 3, 1, 3, 3)",1
5000,"(1, 2, 3, 3, 2, 2, 1, 3, 3, 1, 2, 3)",3
5001,"(1, 2, 2, 2, 2, 1, 1, 3, 3, 1, 2, 3)",1
5002,"(1, 2, 1, 1, 3, 2, 2, 3, 3, 1, 2, 3)",3
5003,"(1, 2, 1, 1, 3, 2, 2, 3, 3, 2, 2, 3)",1
5004,"(1, 2, 2, 1, 3, 3, 2, 3, 3, 2, 2, 3)",1
5005,"(1, 3, 3, 1, 3, 3, 1, 2, 3, 2, 3, 3)",1
5006,"(2, 3, 2, 2, 2, 1, 1, 2, 3, 2, 2, 3)",1
5007,"(1, 2, 3, 2, 2, 3, 1, 3, 3, 1, 2, 3)",1
5008,"(2, 3, 1, 1, 3, 2, 1, 3, 3, 1, 2, 3)",2
5009,"(2, 3, 1, 1, 3, 2, 3, 3, 3, 2, 2, 3)",1
5010,"(2, 3, 2, 1, 3, 3, 1, 3, 3, 1, 2, 3)",1
5011,"(1, 2, 1, 1, 2, 1, 1, 2, 3, 2, 3, 3)",1
5012,"(1, 2, 3, 3, 2, 1, 2, 2, 3, 3, 3, 3)",1
5013,"(1, 2, 3, 1, 3, 3, 3, 3, 3, 2, 2, 3)",1
5014,"(1, 2, 3, 1, 3, 3, 1, 3, 3, 1, 2, 3)",2
5015,"(1, 2, 3, 1, 3, 3, 2, 3, 3, 1, 2, 3)",1
5016,"(2, 3, 2, 1, 3, 3, 1, 2, 3, 1, 2, 3)",2
5017,"(1, 2, 2, 2, 2, 1, 2, 3, 3, 2, 2, 3)",2
5018,"(1, 2, 2, 1, 3, 2, 2, 3, 3, 2, 2, 3)",1
5019,"(1, 2, 3, 1, 2, 3, 3, 3, 3, 3, 2, 3)",1
5020,"(1, 3, 1, 1, 3, 2, 3, 3, 3, 3, 2, 3)",1
5021,"(1, 2, 3, 2, 2, 2, 3, 3, 3, 2, 2, 3)",1
5022,"(1, 3, 2, 1, 2, 2, 1, 2, 3, 1, 2, 3)",1
5023,"(1, 3, 1, 1, 3, 1, 2, 3, 3, 1, 2, 3)",1
5024,"(2, 3, 3, 1, 3, 3, 1, 2, 3, 1, 2, 3)",1
5025,"(2, 3, 1, 1, 3, 1, 1, 2, 3, 1, 2, 3)",1
5026,"(1, 2, 3, 3, 2, 2, 3, 3, 3, 3, 2, 3)",1
5027,"(1, 2, 2, 2, 2, 1, 3, 3, 3, 3, 2, 3)",1
5028,"(1, 2, 3, 3, 2, 1, 3, 3, 3, 2, 2, 3)",1
5029,"(1, 2, 3, 3, 2, 1, 3, 3, 3, 2, 3, 3)",1
5030,"(1, 3, 1, 1, 3, 2, 2, 3, 3, 2, 2, 3)",1
5031,"(1, 2, 3, 2, 2, 2, 2, 3, 3, 2, 2, 3)",2
5032,"(2, 3, 1, 1, 3, 2, 3, 3, 3, 3, 2, 3)",1
5033,"(1, 2, 2, 2, 2, 1, 2, 3, 3, 1, 2, 3)",1
5034,"(2, 3, 1, 1, 3, 1, 1, 3, 3, 1, 2, 3)",1
5035,"(1, 2, 2, 1, 2, 1, 2, 3, 3, 2, 2, 3)",1
5036,"(1, 2, 1, 1, 2, 1, 2, 3, 3, 2, 2, 3)",1
5037,"(1, 3, 1, 1, 3, 2, 1, 2, 3, 1, 2, 3)",1
5038,"(2, 2, 2, 3, 2, 1, 3, 3, 3, 2, 2, 3)",1
5039,"(1, 2, 3, 1, 3, 3, 3, 3, 3, 3, 2, 3)",3
5040,"(1, 2, 1, 1, 3, 1, 3, 3, 3, 3, 2, 3)",1
5041,"(1, 2, 1, 1, 3, 2, 1, 3, 3, 1, 2, 3)",2
5042,"(1, 2, 2, 1, 3, 3, 1, 3, 3, 1, 2, 3)",3
5043,"(1, 2, 3, 2, 2, 3, 2, 3, 3, 2, 2, 3)",1
5044,"(2, 3, 3, 3, 2, 1, 1, 3, 3, 1, 2, 3)",1
5045,"(1, 2, 3, 1, 2, 3, 2, 3, 3, 1, 2, 3)",2
5046,"(1, 2, 2, 1, 2, 2, 3, 3, 3, 3, 2, 3)",1
5047,"(1, 2, 3, 3, 2, 1, 3, 3, 3, 3, 3, 3)",2
5048,"(1, 2, 3, 3, 2, 1, 3, 3, 3, 3, 2, 3)",1
5049,"(1, 2, 3, 1, 3, 3, 2, 3, 3, 2, 2, 3)",1
5050,"(1, 2, 1, 1, 3, 1, 2, 3, 3, 2, 2, 3)",1
5051,"(1, 2, 2, 2, 2, 1, 1, 3, 3, 1, 2, 3)",1
5052,"(1, 2, 1, 1, 3, 1, 3, 3, 3, 3, 2, 3)",1
5053,"(2, 3, 1, 1, 3, 2, 2, 3, 3, 1, 3, 3)",1
5054,"(1, 2, 1, 1, 3, 2, 2, 3, 3, 2, 2, 3)",3
5055,"(1, 2, 1, 1, 2, 1, 3, 3, 3, 2, 2, 3)",1
5056,"(1, 2, 3, 3, 2, 1, 2, 3, 3, 2, 2, 3)",1
5057,"(2, 3, 1, 1, 3, 1, 3, 3, 3, 3, 2, 3)",1
5058,"(1, 2, 3, 2, 2, 3, 1, 3, 3, 1, 2, 3)",1
5059,"(2, 3, 1, 1, 3, 2, 1, 3, 3, 1, 2, 3)",2
5060,"(1, 2, 1, 1, 3, 1, 1, 2, 3, 1, 2, 3)",1
5061,"(3, 3, 3, 2, 2, 3, 1, 3, 3, 1, 2, 3)",1
5062,"(2, 3, 2, 1, 3, 2, 1, 2, 3, 2, 2, 3)",1
5063,"(2, 3, 3, 2, 2, 2, 1, 2, 3, 1, 2, 3)",1
5064,"(2, 3, 2, 1, 3, 3, 1, 3, 3, 1, 2, 3)",1
5065,"(1, 2, 1, 1, 3, 2, 3, 3, 3, 3, 2, 3)",1
5066,"(1, 2, 2, 2, 2, 1, 2, 3, 3, 2, 2, 3)",1
5067,"(2, 2, 2, 2, 2, 1, 2, 2, 3, 2, 2, 3)",1
5068,"(1, 2, 3, 1, 3, 3, 1, 3, 3, 1, 2, 3)",2
5069,"(1, 2, 3, 1, 3, 3, 2, 3, 3, 1, 2, 3)",1
5070,"(2, 3, 1, 1, 2, 1, 2, 3, 3, 2, 2, 3)",1
5071,"(3, 3, 2, 1, 3, 3, 1, 3, 3, 1, 2, 3)",1
5072,"(2, 3, 1, 1, 3, 1, 2, 3, 3, 2, 2, 3)",1
5073,"(2, 3, 2, 2, 2, 1, 1, 3, 3, 1, 2, 3)",1
5074,"(1, 2, 2, 2, 2, 1, 3, 3, 3, 3, 2, 3)",1
5075,"(2, 3, 1, 1, 3, 2, 2, 3, 3, 2, 2, 3)",1
5076,"(1, 2, 1, 1, 2, 1, 2, 3, 3, 1, 2, 3)",1
5077,"(1, 2, 2, 1, 2, 2, 1, 3, 3, 1, 2, 3)",1
5078,"(1, 2, 2, 1, 3, 3, 2, 3, 3, 1, 2, 3)",1
5079,"(2, 3, 3, 1, 3, 3, 1, 2, 3, 1, 2, 3)",1
5080,"(1, 2, 3, 2, 2, 2, 1, 2, 3, 1, 2, 3)",1
5081,"(1, 2, 2, 1, 3, 3, 2, 3, 3, 1, 3, 3)",1
5082,"(2, 3, 2, 2, 2, 1, 1, 2, 3, 1, 2, 3)",1
5083,"(2, 3, 2, 2, 2, 1, 1, 2, 3, 1, 3, 3)",1
5084,"(1, 2, 3, 3, 2, 1, 3, 3, 3, 2, 2, 3)",3
5085,"(1, 2, 2, 2, 2, 1, 2, 3, 3, 1, 2, 3)",1
5086,"(2, 3, 1, 1, 3, 2, 3, 3, 3, 3, 2, 3)",1
5087,"(1, 2, 2, 1, 3, 2, 2, 3, 3, 1, 2, 3)",3
5088,"(2, 3, 1, 1, 3, 1, 1, 3, 3, 1, 2, 3)",1
5089,"(2, 3, 1, 1, 3, 1, 2, 3, 3, 1, 2, 3)",3
5090,"(1, 2, 1, 1, 3, 1, 3, 2, 3, 3, 2, 3)",1
5091,"(1, 2, 2, 1, 2, 1, 2, 3, 3, 2, 2, 3)",1
5092,"(1, 2, 3, 2, 2, 1, 2, 3, 3, 1, 2, 3)",1
5093,"(1, 2, 3, 1, 3, 3, 3, 3, 3, 3, 2, 3)",1
5094,"(2, 3, 1, 1, 3, 2, 3, 2, 3, 3, 2, 3)",1
5095,"(1, 2, 2, 2, 2, 1, 1, 2, 3, 2, 2, 3)",1
5096,"(1, 2, 1, 1, 3, 2, 2, 3, 3, 1, 2, 3)",1
5097,"(1, 2, 1, 1, 3, 2, 1, 3, 3, 1, 2, 3)",1
5098,"(2, 3, 1, 1, 2, 1, 3, 3, 3, 2, 2, 3)",1
5099,"(1, 2, 3, 2, 2, 2, 3, 3, 3, 3, 3, 3)",2
5100,"(1, 2, 3, 3, 3, 2, 1, 3, 3, 1, 2, 3)",3
5101,"(2, 3, 1, 1, 3, 1, 1, 2, 3, 2, 2, 3)",1
5102,"(1, 2, 2, 1, 2, 1, 3, 3, 3, 2, 2, 3)",1
5103,"(2, 2, 1, 2, 2, 1, 2, 3, 3, 1, 2, 3)",1
5104,"(1, 2, 3, 3, 2, 1, 3, 3, 3, 3, 3, 3)",1
5105,"(2, 3, 2, 1, 3, 2, 1, 3, 3, 1, 2, 3)",1
5106,"(1, 2, 3, 3, 2, 1, 3, 3, 3, 3, 2, 3)",1
5107,"(1, 2, 3, 3, 2, 2, 2, 3, 3, 1, 3, 3)",1
5108,"(1, 2, 1, 1, 3, 1, 2, 3, 3, 2, 2, 3)",1
5109,"(1, 2, 1, 2, 3, 2, 2, 3, 3, 1, 2, 3)",1
5110,"(2, 3, 2, 1, 3, 2, 1, 2, 3, 1, 3, 3)",1
5111,"(1, 2, 3, 2, 2, 2, 2, 3, 3, 1, 2, 3)",1
5112,"(1, 2, 2, 1, 3, 3, 2, 3, 3, 2, 2, 3)",1
5113,"(1, 2, 2, 1, 3, 2, 3, 3, 3, 3, 2, 3)",1
5114,"(2, 3, 2, 1, 2, 1, 1, 2, 3, 1, 2, 3)",1
5115,"(1, 2, 2, 1, 3, 3, 1, 2, 3, 1, 2, 3)",1
5116,"(2, 3, 1, 1, 2, 1, 1, 3, 3, 1, 2, 3)",1
5117,"(3, 3, 3, 3, 2, 2, 1, 3, 3, 1, 2, 3)",1
5118,"(1, 2, 2, 1, 2, 1, 2, 3, 3, 1, 2, 3)",1
5119,"(2, 3, 3, 1, 2, 3, 1, 3, 3, 1, 2, 3)",1
5120,"(1, 2, 1, 1, 3, 2, 3, 3, 3, 3, 3, 3)",1
5121,"(1, 2, 2, 1, 2, 2, 1, 3, 3, 1, 2, 3)",1
5122,"(1, 2, 1, 1, 3, 2, 3, 3, 3, 3, 2, 3)",1
5123,"(1, 2, 3, 1, 3, 3, 2, 3, 3, 1, 3, 3)",1
5124,"(1, 2, 3, 1, 3, 3, 1, 3, 3, 1, 2, 3)",1
5125,"(1, 2, 3, 1, 3, 3, 2, 3, 3, 1, 2, 3)",1
5126,"(1, 2, 2, 2, 2, 1, 2, 3, 3, 2, 3, 3)",1
5127,"(1, 2, 3, 2, 2, 2, 1, 3, 3, 1, 2, 3)",2
5128,"(1, 2, 1, 1, 3, 1, 2, 3, 3, 1, 2, 3)",2
5129,"(1, 2, 1, 1, 3, 2, 2, 2, 3, 3, 3, 3)",1
5130,"(1, 2, 2, 1, 3, 3, 3, 3, 3, 3, 2, 3)",1
5131,"(1, 2, 2, 1, 3, 2, 2, 3, 3, 2, 2, 3)",1
5132,"(1, 2, 3, 1, 2, 3, 3, 3, 3, 3, 2, 3)",2
5133,"(1, 2, 2, 1, 3, 3, 2, 2, 3, 3, 3, 3)",1
5134,"(1, 2, 3, 2, 2, 2, 3, 3, 3, 2, 2, 3)",1
5135,"(1, 3, 1, 1, 3, 1, 3, 3, 3, 2, 2, 3)",1
5136,"(3, 3, 1, 1, 3, 2, 2, 3, 3, 1, 2, 3)",1
5137,"(1, 2, 2, 1, 2, 2, 3, 3, 3, 2, 2, 3)",1
5138,"(1, 2, 2, 1, 2, 2, 2, 3, 3, 1, 3, 3)",1
5139,"(1, 2, 2, 1, 3, 3, 2, 3, 3, 1, 3, 3)",1
5140,"(2, 3, 2, 2, 2, 1, 1, 2, 3, 1, 2, 3)",1
5141,"(2, 3, 1, 1, 3, 1, 1, 2, 3, 1, 2, 3)",1
5142,"(1, 2, 3, 3, 2, 1, 2, 3, 3, 1, 2, 3)",1
5143,"(1, 2, 3, 3, 2, 1, 3, 3, 3, 2, 2, 3)",2
5144,"(1, 2, 1, 1, 3, 2, 3, 2, 3, 3, 3, 3)",1
5145,"(1, 2, 3, 3, 2, 1, 3, 3, 3, 2, 3, 3)",1
5146,"(1, 2, 1, 1, 3, 3, 1, 3, 3, 1, 2, 3)",1
5147,"(1, 2, 2, 1, 3, 2, 3, 3, 3, 2, 2, 3)",1
5148,"(2, 3, 3, 3, 2, 1, 1, 2, 3, 2, 3, 3)",1
5149,"(2, 3, 1, 1, 3, 2, 3, 3, 3, 3, 2, 3)",2
5150,"(1, 2, 2, 2, 2, 1, 3, 3, 3, 2, 2, 3)",1
5151,"(2, 3, 3, 2, 2, 2, 1, 3, 3, 1, 2, 3)",1
5152,"(2, 3, 1, 1, 3, 1, 2, 3, 3, 1, 2, 3)",1
5153,"(1, 3, 1, 1, 2, 1, 3, 3, 3, 2, 2, 3)",2
5154,"(1, 2, 2, 1, 2, 2, 3, 3, 3, 3, 3, 3)",1
5155,"(1, 2, 1, 1, 3, 2, 2, 3, 3, 1, 2, 3)",1
5156,"(1, 2, 1, 1, 3, 2, 1, 3, 3, 1, 2, 3)",1
5157,"(1, 2, 1, 1, 3, 2, 3, 3, 3, 2, 2, 3)",2
5158,"(1, 2, 3, 3, 2, 1, 2, 3, 3, 2, 2, 3)",2
5159,"(2, 3, 3, 2, 2, 1, 1, 2, 3, 1, 2, 3)",1
5160,"(1, 2, 3, 3, 3, 2, 2, 3, 3, 1, 2, 3)",1
5161,"(1, 2, 2, 1, 3, 3, 3, 3, 3, 2, 2, 3)",3
5162,"(2, 3, 1, 1, 2, 1, 1, 2, 3, 1, 2, 3)",1
5163,"(1, 2, 2, 1, 3, 2, 1, 3, 3, 2, 2, 3)",1
5164,"(1, 2, 2, 2, 2, 1, 2, 3, 3, 1, 2, 3)",1
5165,"(2, 3, 3, 3, 2, 1, 1, 2, 3, 1, 2, 3)",1
5166,"(1, 2, 3, 3, 3, 3, 2, 3, 3, 1, 2, 3)",1
5167,"(1, 2, 2, 1, 2, 1, 1, 3, 3, 1, 2, 3)",1
5168,"(1, 2, 3, 3, 2, 1, 3, 3, 3, 3, 2, 3)",1
5169,"(1, 2, 3, 1, 3, 3, 2, 3, 3, 2, 2, 3)",2
5170,"(1, 2, 2, 2, 2, 1, 2, 3, 3, 1, 2, 3)",3
5171,"(1, 2, 2, 2, 2, 1, 1, 3, 3, 1, 2, 3)",1
5172,"(1, 2, 1, 1, 3, 2, 2, 3, 3, 1, 2, 3)",1
5173,"(1, 3, 1, 1, 3, 1, 2, 3, 3, 2, 2, 3)",1
5174,"(1, 2, 3, 3, 2, 1, 3, 3, 3, 3, 3, 3)",1
5175,"(2, 3, 2, 1, 2, 1, 1, 2, 3, 1, 3, 3)",1
5176,"(2, 3, 1, 1, 3, 1, 3, 3, 3, 3, 2, 3)",1
5177,"(1, 2, 3, 2, 2, 2, 3, 2, 3, 3, 3, 3)",1
5178,"(2, 3, 1, 1, 3, 2, 1, 3, 3, 1, 2, 3)",3
5179,"(2, 3, 2, 1, 3, 3, 1, 3, 3, 1, 2, 3)",1
5180,"(2, 3, 1, 1, 3, 2, 3, 3, 3, 2, 3, 3)",1
5181,"(1, 3, 1, 1, 3, 2, 2, 3, 3, 1, 2, 3)",1
5182,"(1, 2, 3, 1, 3, 3, 1, 3, 3, 1, 3, 3)",1
5183,"(2, 3, 1, 1, 3, 1, 2, 3, 3, 1, 3, 3)",1
5184,"(1, 2, 3, 1, 3, 3, 3, 3, 3, 2, 2, 3)",3
5185,"(2, 3, 2, 3, 2, 1, 1, 3, 3, 1, 2, 3)",1
5186,"(2, 3, 1, 1, 3, 2, 2, 3, 3, 1, 3, 3)",1
5187,"(1, 2, 2, 2, 2, 1, 3, 3, 3, 3, 3, 3)",1
5188,"(1, 2, 3, 1, 3, 3, 2, 3, 3, 1, 2, 3)",3
5189,"(2, 3, 1, 1, 2, 1, 1, 2, 3, 2, 2, 3)",1
5190,"(1, 2, 1, 1, 3, 1, 1, 3, 3, 1, 2, 3)",1
5191,"(2, 3, 2, 1, 3, 3, 1, 2, 3, 1, 3, 3)",1
5192,"(1, 2, 2, 2, 3, 2, 2, 3, 3, 1, 2, 3)",1
5193,"(1, 2, 3, 3, 3, 1, 2, 3, 3, 1, 2, 3)",1
5194,"(2, 3, 3, 1, 3, 3, 1, 2, 3, 1, 3, 3)",1
5195,"(3, 3, 1, 1, 3, 2, 2, 3, 3, 1, 2, 3)",1
5196,"(1, 2, 2, 1, 3, 3, 2, 3, 3, 1, 2, 3)",1
5197,"(1, 2, 2, 1, 3, 3, 2, 3, 3, 1, 3, 3)",1
5198,"(2, 3, 2, 2, 2, 1, 1, 2, 3, 1, 2, 3)",1
5199,"(1, 2, 3, 3, 2, 1, 2, 3, 3, 1, 2, 3)",1
5200,"(1, 2, 2, 2, 2, 1, 3, 3, 3, 3, 2, 3)",1
5201,"(1, 2, 3, 1, 2, 3, 2, 2, 3, 3, 3, 3)",1
5202,"(1, 2, 1, 1, 3, 2, 1, 2, 3, 2, 2, 3)",1
5203,"(1, 2, 3, 3, 2, 2, 3, 3, 3, 2, 2, 3)",1
5204,"(2, 3, 1, 1, 3, 1, 3, 3, 3, 2, 2, 3)",1
5205,"(2, 3, 1, 1, 3, 1, 2, 3, 3, 2, 2, 3)",1
5206,"(1, 2, 2, 1, 3, 3, 2, 3, 3, 3, 2, 3)",1
5207,"(1, 2, 2, 2, 2, 1, 3, 3, 3, 2, 2, 3)",1
5208,"(1, 2, 3, 2, 2, 1, 2, 3, 3, 1, 2, 3)",1
5209,"(3, 3, 1, 1, 2, 1, 3, 3, 3, 2, 2, 3)",1
5210,"(2, 2, 2, 3, 2, 1, 3, 3, 3, 2, 2, 3)",1
5211,"(2, 3, 2, 1, 3, 2, 1, 2, 3, 1, 3, 3)",1
5212,"(1, 3, 1, 1, 3, 2, 3, 3, 3, 2, 2, 3)",1
5213,"(1, 2, 3, 2, 2, 2, 3, 3, 3, 3, 2, 3)",1
5214,"(1, 3, 1, 1, 3, 1, 3, 3, 3, 2, 2, 3)",1
5215,"(3, 3, 1, 2, 2, 1, 3, 3, 3, 2, 2, 3)",1
5216,"(1, 2, 3, 1, 2, 3, 1, 3, 3, 1, 2, 3)",1
5217,"(2, 3, 1, 1, 2, 1, 1, 2, 3, 1, 2, 3)",1
5218,"(1, 2, 2, 1, 2, 1, 3, 3, 3, 2, 2, 3)",1
5219,"(1, 2, 2, 1, 2, 2, 3, 3, 3, 3, 2, 3)",1
5220,"(2, 3, 3, 3, 2, 1, 1, 2, 3, 1, 2, 3)",1
5221,"(1, 2, 2, 1, 3, 3, 1, 2, 3, 1, 2, 3)",1
5222,"(1, 2, 3, 3, 2, 1, 3, 3, 3, 3, 2, 3)",3
5223,"(1, 2, 1, 1, 2, 1, 2, 3, 3, 1, 2, 3)",1
5224,"(1, 2, 2, 1, 3, 3, 1, 2, 3, 1, 3, 3)",1
5225,"(1, 2, 1, 1, 3, 1, 2, 3, 3, 2, 2, 3)",1
5226,"(1, 2, 1, 1, 3, 2, 2, 3, 3, 2, 2, 3)",1
5227,"(2, 3, 2, 1, 2, 1, 1, 2, 3, 1, 3, 3)",1
5228,"(2, 3, 1, 1, 3, 2, 2, 3, 3, 1, 2, 3)",1
5229,"(1, 2, 3, 2, 2, 3, 2, 3, 3, 1, 2, 3)",1
5230,"(2, 3, 2, 1, 3, 3, 1, 3, 3, 1, 2, 3)",1
5231,"(1, 3, 1, 1, 3, 2, 2, 3, 3, 1, 3, 3)",1
5232,"(3, 3, 3, 3, 2, 2, 1, 3, 3, 1, 2, 3)",1
5233,"(2, 3, 1, 1, 3, 2, 2, 3, 3, 1, 3, 3)",1
5234,"(1, 2, 2, 2, 2, 2, 2, 3, 3, 2, 2, 3)",1
5235,"(1, 2, 3, 1, 3, 3, 2, 3, 3, 1, 2, 3)",2
5236,"(1, 3, 1, 1, 3, 1, 3, 3, 3, 3, 2, 3)",1
5237,"(1, 2, 2, 1, 3, 3, 3, 3, 3, 3, 3, 3)",1
5238,"(1, 2, 1, 1, 3, 1, 2, 3, 3, 1, 2, 3)",1
5239,"(1, 2, 2, 1, 3, 3, 3, 3, 3, 3, 2, 3)",1
5240,"(1, 2, 3, 3, 3, 1, 1, 3, 3, 1, 2, 3)",1
5241,"(2, 3, 1, 1, 3, 2, 2, 3, 3, 2, 2, 3)",1
5242,"(1, 3, 1, 1, 3, 1, 2, 3, 3, 1, 2, 3)",1
5243,"(1, 2, 2, 1, 2, 1, 3, 3, 3, 3, 2, 3)",1
5244,"(2, 3, 1, 1, 3, 1, 3, 3, 3, 3, 3, 3)",1
5245,"(2, 3, 2, 2, 2, 1, 1, 2, 3, 1, 2, 3)",2
5246,"(1, 2, 2, 1, 3, 3, 2, 3, 3, 3, 2, 3)",1
5247,"(1, 2, 3, 3, 2, 1, 2, 3, 3, 1, 2, 3)",1
5248,"(2, 3, 2, 2, 2, 1, 1, 2, 3, 1, 3, 3)",1
5249,"(1, 2, 3, 3, 2, 1, 3, 3, 3, 2, 2, 3)",1
5250,"(1, 3, 1, 1, 3, 2, 2, 3, 3, 2, 2, 3)",1
5251,"(1, 2, 2, 1, 3, 2, 3, 3, 3, 2, 2, 3)",2
5252,"(2, 3, 3, 2, 2, 1, 1, 2, 3, 1, 2, 3)",1
5253,"(1, 2, 2, 1, 3, 2, 2, 3, 3, 1, 3, 3)",1
5254,"(1, 2, 2, 1, 3, 2, 1, 3, 3, 1, 2, 3)",1
5255,"(1, 2, 3, 3, 2, 1, 1, 2, 3, 1, 3, 3)",1
5256,"(1, 2, 2, 2, 2, 1, 2, 3, 3, 1, 2, 3)",1
5257,"(2, 3, 1, 1, 3, 1, 1, 3, 3, 1, 2, 3)",1
5258,"(2, 3, 1, 1, 3, 1, 2, 3, 3, 1, 2, 3)",4
5259,"(3, 3, 3, 3, 2, 1, 1, 3, 3, 1, 2, 3)",1
5260,"(1, 2, 2, 1, 2, 1, 2, 3, 3, 2, 2, 3)",1
5261,"(1, 2, 3, 2, 3, 3, 2, 3, 3, 1, 2, 3)",1
5262,"(1, 2, 2, 1, 2, 2, 2, 3, 3, 2, 2, 3)",1
5263,"(1, 2, 3, 2, 2, 2, 1, 2, 3, 2, 3, 3)",1
5264,"(1, 2, 3, 1, 3, 3, 3, 3, 3, 3, 2, 3)",1
5265,"(2, 3, 1, 1, 3, 2, 3, 3, 3, 1, 2, 3)",1
5266,"(2, 3, 3, 2, 2, 2, 1, 2, 3, 1, 2, 3)",1
5267,"(1, 2, 1, 1, 3, 2, 3, 3, 3, 2, 3, 3)",1
5268,"(2, 3, 1, 1, 3, 1, 1, 2, 3, 2, 2, 3)",1
5269,"(1, 2, 2, 1, 2, 1, 3, 3, 3, 2, 3, 3)",1
5270,"(1, 2, 3, 2, 2, 1, 3, 3, 3, 3, 2, 3)",1
5271,"(2, 3, 2, 2, 2, 2, 1, 3, 3, 1, 2, 3)",1
5272,"(1, 2, 2, 1, 2, 2, 3, 3, 3, 3, 2, 3)",1
5273,"(3, 3, 3, 2, 2, 2, 1, 3, 3, 1, 2, 3)",1
5274,"(2, 3, 3, 3, 2, 1, 1, 2, 3, 1, 2, 3)",2
5275,"(1, 2, 3, 3, 3, 3, 2, 3, 3, 1, 2, 3)",1
5276,"(1, 2, 2, 1, 3, 3, 1, 2, 3, 1, 2, 3)",1
5277,"(1, 2, 3, 3, 2, 1, 3, 3, 3, 3, 2, 3)",2
5278,"(1, 2, 1, 1, 3, 1, 2, 3, 3, 2, 2, 3)",2
5279,"(3, 3, 2, 1, 2, 2, 1, 3, 3, 1, 2, 3)",1
5280,"(1, 2, 2, 1, 3, 3, 2, 3, 3, 2, 2, 3)",1
5281,"(1, 2, 2, 1, 3, 2, 3, 3, 3, 3, 2, 3)",1
5282,"(2, 3, 3, 2, 2, 2, 1, 2, 3, 2, 2, 3)",1
5283,"(2, 3, 1, 1, 3, 2, 2, 3, 3, 1, 2, 3)",2
5284,"(2, 3, 1, 1, 3, 2, 3, 3, 3, 2, 2, 3)",1
5285,"(2, 3, 2, 1, 3, 3, 1, 3, 3, 1, 2, 3)",1
5286,"(1, 2, 3, 1, 3, 3, 3, 3, 3, 2, 2, 3)",1
5287,"(2, 3, 1, 1, 3, 2, 1, 2, 3, 1, 2, 3)",2
5288,"(1, 2, 1, 1, 3, 1, 3, 3, 3, 2, 2, 3)",1
5289,"(1, 2, 1, 1, 3, 2, 3, 3, 3, 3, 2, 3)",1
5290,"(2, 2, 3, 3, 2, 1, 2, 3, 3, 1, 2, 3)",1
5291,"(1, 2, 2, 1, 2, 2, 2, 3, 3, 2, 2, 3)",2
5292,"(1, 2, 3, 1, 3, 3, 2, 3, 3, 1, 2, 3)",4
5293,"(2, 3, 1, 2, 2, 1, 2, 3, 3, 1, 2, 3)",1
5294,"(1, 2, 1, 1, 3, 1, 2, 3, 3, 1, 2, 3)",2
5295,"(1, 2, 2, 1, 3, 3, 3, 3, 3, 3, 2, 3)",1
5296,"(1, 3, 3, 3, 2, 1, 1, 2, 3, 1, 2, 3)",1
5297,"(1, 2, 3, 1, 2, 3, 3, 3, 3, 3, 2, 3)",1
5298,"(2, 3, 1, 1, 3, 1, 2, 3, 3, 2, 2, 3)",1
5299,"(1, 2, 2, 2, 2, 1, 3, 3, 3, 3, 2, 3)",1
5300,"(2, 3, 1, 1, 3, 2, 2, 3, 3, 2, 2, 3)",2
5301,"(1, 3, 1, 1, 3, 1, 2, 3, 3, 1, 2, 3)",1
5302,"(1, 2, 2, 1, 2, 2, 1, 3, 3, 1, 2, 3)",1
5303,"(1, 3, 1, 1, 3, 2, 1, 3, 3, 2, 2, 3)",1
5304,"(1, 2, 2, 1, 3, 3, 2, 3, 3, 1, 3, 3)",1
5305,"(1, 2, 2, 2, 2, 1, 3, 3, 3, 3, 3, 3)",1
5306,"(1, 2, 3, 3, 2, 1, 2, 3, 3, 1, 2, 3)",1
5307,"(2, 3, 2, 2, 2, 1, 1, 2, 3, 1, 3, 3)",1
5308,"(1, 2, 3, 3, 2, 1, 3, 3, 3, 2, 2, 3)",1
5309,"(1, 2, 3, 3, 2, 1, 3, 3, 3, 2, 3, 3)",2
5310,"(1, 3, 1, 1, 3, 2, 2, 3, 3, 2, 2, 3)",1
5311,"(2, 3, 1, 1, 3, 2, 3, 3, 3, 3, 2, 3)",4
5312,"(1, 2, 2, 1, 3, 2, 2, 3, 3, 1, 2, 3)",1
5313,"(3, 3, 1, 1, 3, 2, 2, 3, 3, 1, 2, 3)",1
5314,"(1, 2, 2, 2, 2, 1, 2, 3, 3, 1, 2, 3)",1
5315,"(2, 3, 1, 1, 3, 1, 1, 3, 3, 1, 2, 3)",1
5316,"(2, 3, 1, 1, 3, 1, 2, 3, 3, 1, 2, 3)",2
5317,"(3, 3, 3, 3, 2, 1, 1, 3, 3, 1, 2, 3)",1
5318,"(1, 2, 1, 1, 3, 2, 1, 2, 3, 1, 2, 3)",1
5319,"(1, 2, 3, 2, 2, 1, 2, 3, 3, 1, 2, 3)",2
5320,"(1, 2, 3, 2, 3, 3, 2, 3, 3, 1, 2, 3)",1
5321,"(1, 2, 3, 2, 3, 3, 1, 3, 3, 1, 2, 3)",1
5322,"(1, 2, 1, 1, 3, 2, 2, 3, 3, 1, 2, 3)",1
5323,"(1, 2, 1, 1, 3, 2, 1, 3, 3, 1, 2, 3)",1
5324,"(1, 3, 1, 1, 3, 2, 3, 3, 3, 2, 3, 3)",1
5325,"(2, 3, 3, 2, 2, 2, 1, 2, 3, 1, 2, 3)",1
5326,"(1, 2, 3, 3, 3, 2, 1, 3, 3, 1, 2, 3)",1
5327,"(2, 3, 1, 1, 3, 2, 1, 2, 3, 2, 2, 3)",1
5328,"(1, 2, 3, 1, 2, 3, 2, 3, 3, 1, 2, 3)",2
5329,"(1, 2, 3, 1, 2, 3, 1, 3, 3, 1, 2, 3)",1
5330,"(1, 2, 3, 1, 2, 3, 3, 3, 3, 2, 2, 3)",1
5331,"(1, 2, 2, 1, 3, 3, 3, 3, 3, 2, 3, 3)",1
5332,"(1, 2, 1, 1, 2, 1, 3, 3, 3, 3, 2, 3)",2
5333,"(1, 2, 3, 3, 2, 1, 3, 3, 3, 3, 3, 3)",1
5334,"(2, 3, 3, 3, 2, 1, 1, 2, 3, 1, 3, 3)",1
5335,"(1, 2, 3, 1, 3, 3, 2, 3, 3, 2, 2, 3)",2
5336,"(1, 2, 3, 1, 3, 3, 2, 3, 3, 2, 3, 3)",1
5337,"(1, 2, 1, 1, 3, 1, 2, 3, 3, 2, 2, 3)",1
5338,"(2, 3, 3, 3, 2, 1, 1, 2, 3, 1, 2, 3)",2
5339,"(1, 2, 2, 1, 3, 3, 2, 3, 3, 2, 2, 3)",1
5340,"(1, 2, 3, 3, 2, 1, 2, 3, 3, 2, 2, 3)",2
5341,"(2, 3, 1, 1, 3, 1, 3, 3, 3, 3, 2, 3)",1
5342,"(2, 3, 1, 1, 3, 2, 2, 3, 3, 1, 2, 3)",2
5343,"(1, 2, 3, 1, 2, 3, 2, 3, 3, 2, 2, 3)",1
5344,"(1, 3, 1, 1, 3, 2, 2, 3, 3, 1, 2, 3)",1
5345,"(1, 2, 3, 2, 2, 2, 1, 3, 3, 1, 2, 3)",1
5346,"(1, 2, 3, 1, 3, 3, 3, 3, 3, 2, 2, 3)",1
5347,"(1, 2, 2, 1, 3, 3, 3, 3, 3, 3, 2, 3)",1
5348,"(1, 2, 1, 1, 3, 1, 3, 3, 3, 2, 2, 3)",2
5349,"(1, 2, 1, 1, 3, 2, 3, 3, 3, 3, 2, 3)",1
5350,"(1, 2, 3, 1, 3, 3, 2, 3, 3, 1, 3, 3)",1
5351,"(1, 2, 2, 2, 2, 1, 2, 3, 3, 2, 2, 3)",1
5352,"(1, 3, 1, 1, 3, 1, 3, 3, 3, 3, 2, 3)",1
5353,"(2, 3, 2, 1, 3, 3, 1, 2, 3, 1, 2, 3)",2
5354,"(1, 2, 1, 1, 3, 1, 2, 3, 3, 1, 2, 3)",2
5355,"(2, 3, 3, 1, 2, 3, 1, 2, 3, 1, 2, 3)",1
5356,"(2, 3, 2, 1, 3, 3, 1, 2, 3, 1, 3, 3)",1
5357,"(1, 2, 2, 1, 3, 2, 2, 3, 3, 2, 2, 3)",1
5358,"(2, 3, 1, 1, 3, 2, 2, 2, 3, 2, 3, 3)",1
5359,"(1, 3, 1, 1, 3, 2, 3, 3, 3, 3, 2, 3)",2
5360,"(2, 3, 1, 1, 3, 1, 2, 3, 3, 2, 2, 3)",3
5361,"(2, 3, 1, 1, 3, 2, 2, 3, 3, 2, 2, 3)",1
5362,"(1, 3, 1, 1, 3, 1, 2, 3, 3, 1, 2, 3)",1
5363,"(3, 3, 1, 1, 3, 2, 2, 3, 3, 1, 2, 3)",1
5364,"(1, 2, 1, 1, 2, 1, 3, 3, 3, 2, 2, 3)",2
5365,"(2, 2, 3, 3, 2, 1, 2, 3, 3, 1, 2, 3)",1
5366,"(2, 3, 2, 2, 2, 1, 1, 2, 3, 1, 2, 3)",1
5367,"(1, 2, 3, 3, 2, 2, 3, 3, 3, 3, 2, 3)",2
5368,"(1, 2, 2, 2, 2, 1, 3, 3, 3, 3, 2, 3)",2
5369,"(3, 3, 2, 1, 3, 3, 1, 3, 3, 1, 2, 3)",1
5370,"(1, 2, 3, 3, 2, 1, 2, 3, 3, 1, 3, 3)",1
5371,"(1, 2, 3, 2, 2, 1, 1, 3, 3, 1, 2, 3)",1
5372,"(1, 2, 1, 1, 3, 1, 1, 2, 3, 2, 3, 3)",1
5373,"(1, 2, 2, 2, 2, 1, 2, 3, 3, 1, 2, 3)",2
5374,"(1, 2, 2, 2, 2, 2, 1, 3, 3, 1, 2, 3)",1
5375,"(2, 3, 3, 2, 2, 1, 1, 2, 3, 1, 2, 3)",1
5376,"(1, 2, 3, 3, 3, 3, 1, 3, 3, 1, 2, 3)",1
5377,"(2, 2, 3, 3, 2, 1, 3, 3, 3, 3, 2, 3)",1
5378,"(2, 3, 1, 1, 3, 1, 1, 3, 3, 1, 2, 3)",1
5379,"(2, 3, 1, 1, 3, 1, 2, 3, 3, 1, 2, 3)",1
5380,"(3, 3, 3, 3, 2, 1, 1, 3, 3, 1, 2, 3)",1
5381,"(1, 3, 1, 1, 3, 1, 1, 3, 3, 1, 2, 3)",1
5382,"(1, 2, 1, 1, 3, 2, 2, 3, 3, 1, 2, 3)",1
5383,"(2, 3, 1, 1, 2, 1, 1, 3, 3, 1, 2, 3)",1
5384,"(2, 3, 1, 1, 2, 1, 3, 3, 3, 2, 2, 3)",1
5385,"(1, 2, 2, 1, 3, 2, 2, 3, 3, 3, 2, 3)",1
5386,"(2, 3, 3, 2, 2, 2, 1, 2, 3, 1, 2, 3)",1
5387,"(1, 2, 2, 1, 3, 3, 2, 2, 3, 2, 3, 3)",1
5388,"(1, 2, 2, 3, 2, 1, 3, 3, 3, 2, 2, 3)",1
5389,"(2, 3, 2, 1, 2, 2, 1, 2, 3, 1, 2, 3)",1
5390,"(1, 2, 3, 1, 2, 3, 2, 3, 3, 1, 3, 3)",1
5391,"(2, 3, 1, 1, 3, 1, 3, 3, 3, 1, 2, 3)",1
5392,"(2, 3, 2, 1, 3, 2, 1, 3, 3, 1, 2, 3)",1
5393,"(1, 2, 3, 3, 2, 1, 3, 3, 3, 3, 2, 3)",4
5394,"(1, 2, 1, 1, 2, 1, 2, 3, 3, 1, 2, 3)",1
5395,"(1, 2, 2, 1, 3, 3, 1, 2, 3, 1, 3, 3)",1
5396,"(1, 2, 3, 1, 3, 3, 2, 3, 3, 2, 2, 3)",1
5397,"(1, 2, 3, 1, 3, 3, 2, 2, 3, 2, 2, 3)",1
5398,"(2, 3, 1, 1, 3, 2, 1, 2, 3, 1, 2, 3)",1
5399,"(1, 2, 3, 2, 2, 2, 2, 3, 3, 1, 2, 3)",1
5400,"(1, 2, 2, 1, 3, 2, 3, 3, 3, 3, 2, 3)",2
5401,"(2, 3, 1, 1, 3, 1, 3, 3, 3, 3, 2, 3)",1
5402,"(2, 3, 1, 1, 3, 2, 2, 3, 3, 1, 2, 3)",4
5403,"(2, 3, 1, 1, 3, 2, 3, 3, 3, 2, 2, 3)",1
5404,"(2, 3, 2, 1, 3, 3, 1, 3, 3, 1, 2, 3)",1
5405,"(1, 2, 1, 1, 3, 3, 1, 2, 3, 1, 2, 3)",1
5406,"(3, 3, 2, 2, 2, 1, 1, 3, 3, 1, 2, 3)",1
5407,"(2, 3, 1, 1, 3, 1, 2, 3, 3, 1, 3, 3)",1
5408,"(1, 2, 2, 1, 2, 1, 2, 3, 3, 1, 2, 3)",1
5409,"(2, 3, 2, 1, 3, 3, 1, 2, 3, 1, 2, 3)",2
5410,"(1, 2, 2, 2, 2, 1, 2, 3, 3, 2, 2, 3)",2
5411,"(1, 2, 3, 1, 3, 3, 1, 3, 3, 1, 2, 3)",1
5412,"(1, 2, 3, 1, 3, 3, 2, 3, 3, 1, 2, 3)",2
5413,"(1, 2, 1, 1, 3, 1, 1, 3, 3, 1, 2, 3)",1
5414,"(1, 2, 1, 1, 3, 1, 2, 3, 3, 1, 2, 3)",3
5415,"(1, 2, 2, 1, 3, 3, 3, 3, 3, 3, 2, 3)",3
5416,"(1, 2, 3, 2, 2, 2, 3, 3, 3, 2, 2, 3)",1
5417,"(2, 3, 1, 1, 3, 2, 2, 3, 3, 2, 2, 3)",2
5418,"(1, 2, 2, 1, 2, 1, 3, 3, 3, 3, 2, 3)",1
5419,"(3, 3, 1, 1, 3, 2, 2, 3, 3, 1, 2, 3)",2
5420,"(1, 2, 1, 1, 2, 1, 3, 3, 3, 2, 2, 3)",1
5421,"(1, 2, 2, 1, 3, 3, 3, 2, 3, 3, 3, 3)",1
5422,"(2, 3, 3, 1, 3, 3, 1, 2, 3, 1, 2, 3)",1
5423,"(1, 2, 3, 3, 2, 1, 2, 3, 3, 1, 2, 3)",1
5424,"(1, 2, 3, 3, 2, 1, 1, 3, 3, 1, 2, 3)",1
5425,"(1, 2, 3, 3, 2, 1, 3, 3, 3, 2, 2, 3)",1
5426,"(1, 2, 3, 3, 2, 1, 2, 3, 3, 1, 3, 3)",1
5427,"(1, 2, 3, 2, 2, 2, 2, 3, 3, 2, 2, 3)",1
5428,"(1, 2, 3, 2, 2, 3, 3, 3, 3, 3, 2, 3)",1
5429,"(2, 3, 1, 1, 3, 2, 3, 3, 3, 3, 2, 3)",1
5430,"(2, 2, 3, 3, 2, 1, 3, 3, 3, 3, 2, 3)",1
5431,"(2, 3, 1, 1, 3, 1, 1, 3, 3, 1, 2, 3)",1
5432,"(2, 3, 1, 1, 3, 1, 2, 3, 3, 1, 2, 3)",2
5433,"(1, 2, 3, 2, 3, 3, 2, 3, 3, 1, 2, 3)",1
5434,"(1, 2, 3, 2, 3, 3, 1, 3, 3, 1, 2, 3)",1
5435,"(1, 2, 3, 3, 2, 2, 2, 3, 3, 2, 2, 3)",1
5436,"(2, 3, 2, 3, 2, 1, 1, 3, 3, 1, 2, 3)",1
5437,"(1, 2, 1, 1, 3, 2, 2, 3, 3, 1, 2, 3)",2
5438,"(1, 2, 1, 1, 3, 2, 1, 3, 3, 1, 2, 3)",1
5439,"(1, 2, 1, 1, 3, 2, 2, 3, 3, 1, 3, 3)",1
5440,"(1, 2, 3, 3, 2, 1, 2, 3, 3, 2, 2, 3)",2
5441,"(2, 3, 3, 2, 2, 2, 1, 2, 3, 1, 2, 3)",1
5442,"(1, 2, 3, 3, 3, 2, 2, 3, 3, 1, 2, 3)",1
5443,"(2, 3, 1, 1, 2, 1, 1, 2, 3, 1, 2, 3)",1
5444,"(1, 2, 1, 1, 2, 1, 3, 3, 3, 3, 2, 3)",1
5445,"(2, 3, 3, 3, 2, 1, 1, 2, 3, 1, 2, 3)",1
5446,"(1, 2, 2, 1, 2, 1, 2, 3, 3, 1, 2, 3)",1
5447,"(1, 2, 1, 1, 3, 1, 2, 3, 3, 1, 2, 3)",2
5448,"(1, 2, 3, 1, 3, 3, 2, 3, 3, 2, 2, 3)",1
5449,"(1, 2, 3, 3, 2, 2, 2, 3, 3, 1, 3, 3)",1
5450,"(1, 2, 1, 1, 3, 1, 2, 2, 3, 2, 3, 3)",2
5451,"(1, 2, 2, 2, 2, 1, 2, 3, 3, 1, 3, 3)",1
5452,"(1, 2, 3, 2, 2, 2, 2, 3, 3, 1, 2, 3)",1
5453,"(1, 2, 2, 1, 3, 3, 2, 3, 3, 2, 2, 3)",1
5454,"(1, 2, 1, 1, 3, 2, 1, 3, 3, 1, 2, 3)",1
5455,"(2, 3, 1, 1, 3, 1, 3, 3, 3, 3, 2, 3)",2
5456,"(1, 2, 3, 1, 3, 3, 1, 2, 3, 1, 2, 3)",1
5457,"(2, 3, 1, 1, 3, 2, 2, 3, 3, 1, 2, 3)",1
5458,"(2, 3, 1, 1, 3, 2, 1, 3, 3, 1, 2, 3)",1
5459,"(2, 3, 1, 1, 3, 2, 2, 3, 3, 1, 3, 3)",2
5460,"(1, 3, 1, 1, 3, 2, 2, 3, 3, 1, 2, 3)",1
5461,"(1, 2, 3, 3, 2, 1, 3, 3, 3, 3, 2, 3)",2
5462,"(1, 2, 2, 1, 3, 3, 3, 3, 3, 3, 3, 3)",1
5463,"(1, 2, 3, 1, 3, 3, 2, 3, 3, 1, 3, 3)",1
5464,"(3, 3, 1, 2, 2, 1, 3, 3, 3, 3, 2, 3)",1
5465,"(2, 3, 2, 1, 3, 3, 1, 2, 3, 1, 2, 3)",1
5466,"(1, 2, 2, 2, 2, 1, 2, 3, 3, 2, 2, 3)",2
5467,"(1, 2, 3, 1, 2, 3, 3, 3, 3, 3, 3, 3)",1
5468,"(1, 2, 3, 1, 2, 2, 2, 3, 3, 2, 2, 3)",1
5469,"(1, 3, 1, 1, 3, 2, 3, 3, 3, 3, 3, 3)",1
5470,"(3, 3, 3, 1, 2, 3, 1, 3, 3, 1, 2, 3)",1
5471,"(1, 2, 1, 1, 2, 1, 2, 3, 3, 1, 2, 3)",1
5472,"(1, 2, 1, 1, 2, 1, 1, 3, 3, 1, 2, 3)",2
5473,"(1, 2, 2, 1, 3, 3, 2, 3, 3, 1, 2, 3)",3
5474,"(2, 3, 3, 1, 3, 3, 1, 2, 3, 1, 2, 3)",1
5475,"(1, 2, 3, 3, 2, 1, 2, 3, 3, 1, 2, 3)",1
5476,"(2, 3, 2, 2, 2, 1, 1, 2, 3, 1, 3, 3)",1
5477,"(1, 2, 3, 3, 2, 1, 3, 3, 3, 2, 2, 3)",1
5478,"(1, 2, 3, 3, 2, 1, 2, 3, 3, 1, 3, 3)",1
5479,"(1, 2, 3, 1, 2, 2, 1, 2, 3, 1, 2, 3)",1
5480,"(1, 2, 2, 2, 2, 2, 3, 3, 3, 3, 2, 3)",1
5481,"(1, 2, 3, 1, 3, 3, 1, 3, 3, 2, 2, 3)",1
5482,"(1, 2, 3, 2, 2, 3, 3, 3, 3, 3, 2, 3)",1
5483,"(2, 3, 1, 1, 3, 2, 3, 3, 3, 3, 2, 3)",1
5484,"(1, 2, 2, 1, 3, 2, 2, 3, 3, 1, 2, 3)",1
5485,"(2, 3, 2, 2, 2, 1, 1, 3, 3, 1, 2, 3)",1
5486,"(2, 3, 1, 1, 3, 1, 2, 3, 3, 1, 2, 3)",2
5487,"(1, 2, 3, 2, 3, 3, 2, 3, 3, 1, 2, 3)",1
5488,"(2, 3, 1, 1, 3, 1, 1, 3, 3, 1, 3, 3)",1
5489,"(1, 2, 2, 2, 2, 1, 3, 2, 3, 3, 3, 3)",1
5490,"(1, 2, 3, 3, 2, 1, 2, 2, 3, 2, 2, 3)",1
5491,"(3, 3, 3, 3, 2, 1, 1, 3, 3, 1, 2, 3)",1
5492,"(1, 2, 3, 3, 2, 2, 2, 3, 3, 2, 2, 3)",1
5493,"(2, 3, 1, 1, 3, 2, 3, 2, 3, 3, 2, 3)",1
5494,"(1, 3, 1, 1, 3, 1, 1, 3, 3, 1, 2, 3)",1
5495,"(1, 2, 1, 1, 3, 2, 2, 3, 3, 1, 2, 3)",4
5496,"(2, 3, 1, 1, 3, 2, 3, 2, 3, 3, 3, 3)",1
5497,"(1, 2, 2, 1, 3, 3, 1, 3, 3, 1, 2, 3)",1
5498,"(1, 2, 3, 3, 2, 1, 2, 3, 3, 2, 2, 3)",2
5499,"(1, 2, 3, 2, 3, 2, 2, 3, 3, 1, 2, 3)",1
5500,"(1, 2, 3, 2, 2, 3, 2, 2, 3, 2, 3, 3)",1
5501,"(1, 2, 1, 1, 2, 1, 3, 3, 3, 2, 2, 3)",1
5502,"(1, 2, 3, 1, 3, 3, 3, 3, 3, 3, 2, 3)",2
5503,"(1, 2, 2, 1, 3, 3, 3, 3, 3, 2, 2, 3)",1
5504,"(1, 2, 3, 2, 2, 2, 2, 3, 3, 3, 2, 3)",1
5505,"(3, 3, 1, 1, 3, 1, 2, 3, 3, 1, 2, 3)",1
