0.0014908113881261916	0.0003026823440940246	0.8860309493645202	1.3327745487711042e8	333732.7765871956	8.036362800429709e8	1.9842484002093717e8	426053.30068919837	7692.431366862423	0.0023051655844558224	30.660373213385014	25.06623870871928	0.043946942004698154	2.547694567747398	156.98800035500898	1.3660130267423318	72.75977194496151
0.0014908113881580932	1.6460531388727835	1372.4849804429869	739.5714194137748	6.501601472635405	4.3184061203929996e8	3.444601786953929e7	0.01048041249033569	0.029479065635115306	0.3196653243888043	3748.8161557045783	8.39287907630102e6	331.5984273703766	0.47148147089915743	29.052533315592267	11.268925121038123	600.2305931000101
0.0014908113882281023	1.2276857128920555e-6	0.0036524808077706833	128937.62187701647	317.6748911025659	9.519550255723501e8	0.06181205363635576	9.956034206298152e8	165338.46019679992	0.000018861046008371813	9.695270441347888e8	0.10311001356309411	0.01933808335340742	57.662934146649434	3553.166174077809	0.2685166697653004	14.302352419424082
0.0014908113884305452	1.0136991988460603e-6	0.0011936814017271154	12418.670753898552	77.30360787244283	0.002699276882689584	4.1646433305765465	2.3389483035004344	3.651146625102354	8.237357803402234e-6	7.05320824599821e-6	0.043213119564894306	2.178355753328325e-6	3.1833565529589466e-6	0.0001961569295058983	5.52885438770033	294.49059107573885
0.001490811388480242	37.5749307956946	0.13582797845918904	0.1949781437292654	395.36558069634395	1.5771545082364797	15321.006250357155	26.17368538155318	1.7633366347641874e7	8.985506596693461e8	375.12050489357813	5.1859841483913185e6	197.31973695645905	1.0807875301393893e7	6.659781273250576e8	109.43294885611485	5828.866067328838
0.0014908113885032752	0.05000158966945801	13.001120258195511	18.863115251811557	0.5317658321663329	7.200570078308908	67989.423145585	36.26056802882519	303.1329204587955	60.14450306884621	1.8580987826835245	1.1863832934365359e6	50.574337048522516	0.015501630809994654	0.9552054752008362	32431.680868357842	1.7274496145868434e6
0.001490811388589656	0.07089418162514122	59.65926070626448	3934.1303512549966	34.26773868119067	0.0006032451401202342	16.6391742351623	201695.9195548824	0.0017181651081093995	1190.809361700859	40.75883678439912	7903.784940241437	1.0216469233281054e8	0.009332124127850021	0.5750422738606066	8517.826498950051	453695.6378369487
0.0014908113885962453	0.000041644368954591986	0.12391122163208602	18263.982430423664	44.99301559380657	231.78590840111247	1.0580869523231287	501507.7386662681	15.115902708666185	744.2856090505294	5.442644849418613e8	3.49801298117071	3.614192303898407	2307.6082410828985	142193.78755921192	10.580974751315134	563.5868578317791
0.0014908113886382066	9325.82207085633	2.202285742834456	2.198287384986897	68234.1680089583	1.1451619894237155e-6	0.026417069602313308	1.0026470172288797e-6	5.536438900907138	138.85400869318363	1.5946936255830763e-6	3.5947077877327387	0.00025544391767458693	0.0537785279900551	3.313813470583254	0.00025280662339683736	0.013465574134905109
0.0014908113890627279	0.12290903255346115	56.75891363326891	60.01422463055917	0.9525941274020949	0.0025411260228779117	82.56043919759787	2745.4948616544334	0.577923703659321	36.15715898745016	0.5765656877865475	73.84267769509732	70.3895622352759	6717.635058926171	413937.7948297507	2.1342670256593492	113.68023241520693
0.0014908113893536742	0.4321161293013529	0.0009273644331486675	0.0013317605918151418	4.548625431747523	0.0021116242853607037	20.52074680603559	20.34804794476489	2.3087601333025936e7	4.1890995235453165e8	103.78743662710977	559.6069268529934	0.021294988923335426	0.004254894885683092	0.2621851477327006	1.1243410518274988e-6	0.000059887019214034346
0.0014908113893744644	48.29810042732193	17.244914956088287	11.529820257097729	236.69849930927967	1.2130266351595518	7755.948579064624	0.006724306764211737	51.155260684588924	397001.4598229437	24.871901926347014	808.5625277351415	0.027582928506646058	8297.031281821191	511259.7457560365	0.009100167296548606	0.48471345855527787
0.0014908113895989504	1.066080676999414	2971.198495802169	6.684706638988428e8	1.758104692121819e6	3168.4566926230846	7.538627189348698e6	2130.2681248044664	3.710777361206234	8.74434174742587	11.491442175035937	6.726825036826191e8	1.2839217638582535e7	0.00002337421899369778	0.0014403093664146311	0.0035251281670705538	0.18776319304063857
0.001490811389775825	1.819526350504268e7	5.011465679228422e6	22.09034186378053	587.895316767673	0.0015944495165218816	61.31369130415792	27.700434978384177	14.097851198550774	701641.8204203595	5.638005519697117	9.210911459725597e8	6.08878373385381e8	1.3961773606869061e-6	0.00008603172105096575	0.0003907336298771491	0.020812103342566102
0.0014908113900342326	10.853105980170582	173.92562374034125	0.018518914872401957	0.008470518298276665	0.012532816682481306	119.2436093767888	1.2607294604769054e-6	0.0001915419789201008	0.002644309119454688	4.996722769128573e-6	114.83331653937891	0.004370361305825246	0.019485445419154507	1.2006867760379443	0.0002775300223497895	0.01478245787225404
0.0014908113904319828	0.3338661889351058	12.210715928983777	13.21834595181837	2.649185689267291	798740.5560615987	1.962044095260018e8	324.66537777256616	28384.3552458206	1732.8537665099132	289.4522613379834	401.8431015645525	0.01164518526602568	1.0084565932729303e-6	0.00006214049589507207	1.0959686425820454	58.376081998395925
0.0014908113905121095	5397.450941677775	4.435142958602313e6	7.328700768617767e6	65375.051732378735	13986.745421168034	200827.16520576252	4.2742231641305645e-6	0.000012261958494205563	0.00012900785223302083	0.008282832487497263	3.562132558881535e7	1400.1994488890657	0.003361227218814426	0.20711700176169234	28808.929927358262	1.5344855613176837e6
0.001490811390547124	0.003520583357448314	2.7578466493176284	91440.82755421271	855.6351968484578	1.0000002816983008e-6	0.01392898881029102	1.0000005327953057e-6	1.5580242460455636e-6	0.8253565179824554	0.05207477318181601	0.38963210580362384	0.000029581926898957256	0.021516964780522303	1.325867584665352	1.2761247210486429e7	6.797212618123382e8
0.0014908113908670953	230.8247932527484	0.002754801878951094	0.08761117621902166	53809.08041555047	1.0000308677348108e-6	0.03846038618204412	8939.04972927986	3.0016944259923104e7	10095.94545641155	3.5148275000707116e-6	0.2267633580463932	0.5243140267299965	51.91877201233857	3199.2108496249016	1.858856485034502	99.01092417133232
0.0014908113909283013	540792.3352985472	4.2607838352265024e8	0.007346173513809075	0.00006834491108032168	598636.36086634	4.6466776061682395	1.000000532726228e-6	3.040584654109773e-6	0.00006083470252195039	6927.5633815110305	8.792771717988693e8	34010.371596524885	1.4366247355266811e7	8.852437901879843e8	2845.412797975139	151559.23008867612
0.0014908113909442822	2.2635737138963354e-6	0.005536853864427129	1.2458804924341977e8	373346.37697706436	6.33683134608851e-6	0.043366749969957	833.9338681401914	4.4767913806750934e-6	9.999797756325573e8	4.009824398236804e8	43.50740591137825	307015.3078045216	0.26638129840259955	16.414310417153334	0.000550032095567496	0.029297014783223888
0.0014908113910187583	1.249969133600313e6	5.524749025828983e8	0.02545919523155398	0.00042221667457172443	1.000014972786787e-6	0.03274730660826478	815.0504577965031	6.792919229061514e-6	4.7907425142799896e8	7.254329853986316e6	0.1288595652111466	3241.396166889223	29.323401780525348	1806.8933603702212	5728.6010063392705	305128.96052177256
0.00149081139106027	0.004626554867781273	13.742043751796691	22.720072935278953	0.05606864822688171	8.544280591981899	486.18489873858493	340588.4655144076	111.1431659683915	0.7476156280683781	43.78213489581512	555.7829812751057	53.13233742680118	0.0021576597913776094	0.1329542159414648	87945.99932093064	4.684359492332221e6
0.001490811391290447	1.135850964853329e-6	0.0023906011935632557	15.4446834365578	0.05378946251549433	9.597043721171477e8	9.993396265809585e8	0.6252567731242338	0.28328343974971776	8.736482903025068e-6	0.01981054332932806	0.07009235985241426	6.811198180995266e-6	0.15925526776952845	9.813261441830152	9268.628785590643	493688.2376768025
0.0014908113913292128	0.00037657999547189056	0.0013161685795452336	4.175192695117049e8	8.756412765395926e8	1.7020976673403049e-6	0.010833032418481325	4.459410998779121	3464.5455504024844	8.082939346833154e8	497975.0736473049	0.03272370529402012	1.1167111082165252e-6	0.19361283310363922	11.930363260094511	1.713966240784381e7	9.129363130836293e8
0.0014908113918161378	0.046228212631232966	0.29572520604060715	8.582204969678146e8	9.833805540895611e8	20.771732784071904	201703.01567660068	0.027182542356960066	10.319989282771749	0.4841594362693984	0.00035783204628713096	33851.56031544312	1.2915463824989348	188.3968115943798	11608.930717002015	0.00013800859876812884	0.00735095539848728
0.0014908113934958222	9.961190583460406e8	9.999994500507271e8	309228.63116280327	2.2578503884387384e6	4.183325456134823	0.028763944056159944	1.0003927029373692e-6	0.0032458937196362305	99.42830621333589	16286.325427509975	0.10419602639546617	2.9641383224555013e-6	1.569645341435026e7	9.672125137931172e8	0.000017329574087083396	0.0009230435947354264
0.001490811394894126	5.42291240921075	4051.2919441046693	0.010331077702031514	0.0001013651464354563	102896.78218866752	5.953638047886255e6	2.953379522310805e-6	9.627798792014822e-6	0.14354172099901563	2.0792598115582415	179082.5276256442	6.8137346687476255	1.6168378919075824e7	9.962947448877304e8	1.1964988543724902e7	6.373100462297369e8
0.0014908113985043167	0.0012332539620059934	1.3718071826329121	9.69589399151811	0.06389270568059283	52.977379218248764	14.202720808781692	12854.442870274688	23577.7591446437	14.63328829590973	68116.17635270228	43.033903715199735	0.0019544432454900286	21.678822988862372	1335.8409312257284	1.8173001791921157e7	9.679803564628175e8
0.0014908114083423823	2.65887111736476e-6	0.007800861555135668	4.1875523925202614e8	1.0462101890025543e6	1.1104106141239083	0.06664565388496867	1.0474952904015222e6	16274.649669349328	420.942973375182	2.3085134913699593e7	0.22062060483420237	0.0004484769247739425	0.7276422775511618	44.83703096774695	89.66490501348964	4775.890375639909
0.0014908114113939008	489945.63438437943	3.950341378156776e8	3.340428740523096e6	30368.227887711917	4.037065213821536e8	59.78874721152079	1.000003901899233e-6	2.946202232524291e-6	0.00003079392184292095	188081.5676830467	3.6316231555324174	0.0001416628472669266	1.0147485456181833e-6	0.00006252810673922539	1.20287077515049e7	6.407055513155011e8
0.0014908115080811463	0.02992432704974723	22.41823761192042	0.005185720925238321	0.00005073831484907333	0.0782517566998578	0.5188206568300238	1.3741581599240433e-6	4.470813348155813e-6	4.1639172887275238e6	5.2785139166830194e8	11.632461693341245	0.0004422218575505185	4.147889684783649e-6	0.0002555915126085735	6.701362135378093e6	3.5693247764898074e8
0.0014908147377845505	0.0017197959541151372	5.105732419663952	214.88845200687405	0.530561732164383	18544.819135316735	15535.886141020004	1.872188992667886	0.004645510336808541	0.0134928146094807	53.64264787344353	6289.226474691624	79.11203223843827	7.304483411365435	450.0982837371293	1.836311375223831e7	9.781308158099574e8
0.0014909008875717174	2297.1932372320766	0.002435156233632877	0.014005357828335379	96843.01981671368	1.0000017989192473e-6	0.03845936700096185	2.259611853199963e6	2.2574726761383808e8	8.057533872347125e6	0.00024918553283222856	1.141718093322618e6	9.988530724718039e8	0.00581522380452207	0.35827385249170207	36351.56990638889	1.9368947342962732e6
0.0014910127829633807	0.8318936393666905	0.34448483085384923	0.003527843303376437	0.06244690279063994	3027.97534785093	2.939251896292351e7	1.000002765431546e-6	0.005878865640933677	3.6824341156583293	0.00017629151881216347	6656.0412869690135	0.2532758283120397	0.019626222933919996	1.20895376075337	0.01566813769006056	0.8339140712252584
4.081951949864521	204030.9295902801	9.394831197493438e8	21.98227599949843	0.03493065522119212	1.0000005444463936e-6	3.041376807371185e-6	6.030120957494597e8	1.336965502131252	2.4948057137680197e-6	0.004199214160779453	0.00001261861331734912	0.11589429350995645	1599.7323534072148	114318.26033636097	9.687184370997278e6	9.999994673201073e8
4.083130836666935	0.0000579328385516826	0.26803568778417614	5.255809083809857e8	831228.4507035662	0.030625067309461795	2.06243291222858e-6	9.935251122449062e8	1.0065811187330095e-6	11.605835687764793	8.822605039642298e8	8.575028950967076e-6	172166.2033590495	352.95895105572407	25260.63534203559	9.621286666347742e6	9.999413695670052e8
4.083145314845893	0.2584656790952052	1193.445022778183	3.9049542031691384e8	618821.28526583	0.015525411041075852	0.0003503192458763547	197.93011818926396	1.0001101797233792e-6	1.223984020854535e-6	0.27765102261997376	0.00141892532859157	5.713264473031691	1.038337637290933e-6	0.00007428263505200368	9.651577195467254e6	9.999199891749597e8
4.08316673127479	21.53977187210439	100538.89600077935	6192.487560559567	9.707791877794941	49.352373945473886	0.012569738596479649	7.9437597147872	1.0993715873137638e-6	0.0028750116327956954	57831.36526040058	1.5128241642144673	222.195147320945	9.180598588754739	658.0436789417117	2.5087614998391694e6	2.6432350123938537e8
6.388574812668175	990.7534479733534	62366.77101695535	309547.4384258405	36044.92055072069	109252.57068485241	9.800366866562608e8	95.98857985219989	1.0857872246503954e-6	2.828953251873379e6	7.129289509120159e-6	8.563562756666958e8	35672.4326305838	1.2465357442901561e7	7.680919071566112e8	1.8471064851409093e7	9.83836555342985e8
6.388574815751785	0.4251501862191163	348.14799751931616	0.09463062042774516	0.0008470599207671199	0.000027072594943024412	0.0012930447127917444	57180.427469071794	1.049272577250155e-6	1.414273425908369e6	7.2515388202865374e-6	0.711504863695659	1.1696676688664317e-6	2.7128310913348147e-6	0.00016715863673874494	5.386396105411226	286.90269233150326
7.0541397664630185	7.867231501940621	1.1106872520582474e-6	0.000019909964855779703	1033.723794494767	9.990854822793077e8	1.309731300447724e-6	0.0014537220614477219	2.2031965056169736e8	12.922902556938098	1.4989444437930915e8	9.328269971750404e8	42079.94360691991	4.032600928341651	127.70915994470387	8.917212954996673e6	8.046610026327293e8
8.303004045255868	1.4117699467382917e-6	0.00692326209969032	0.0041616377612847056	6.2101636608775305e-6	3.307693111413581e8	0.0008726450982592815	9.787416177322994e8	0.000013490142688689185	19731.69974130503	4.059965400363563e6	0.035492432987096076	0.000016382626222097605	0.001186676523507462	0.08508133509764795	5.999537829736877	795.7951160527115
10.570020038487375	1.0000005323347885e-6	1.0284808129497753e-6	0.003490078774724259	0.024874914700793734	0.018002893493339864	9.995970478338466e8	9.96416642789773e8	142718.7899153965	9.999999064920222e8	48.73609031982914	1.5606048354763966	0.418601057766116	2045.0257220335434	115029.67993027817	1.855309156697863e7	9.8111823152724e8
10.570047390530478	1.0019168226421405e-6	0.0008345420649768364	0.003498876424416489	0.000030790123262258014	2.3654427041213117	9.984823746093612e8	28691.83043190342	0.000018995524756116083	5.894968724489843	0.06657925411770266	0.02567345770060995	0.845567629751729	1.000011775305288e-6	0.00005624805412891692	0.9134341871351007	48.299103211563676
10.570054294403038	1.0000002683893542e-6	0.0008344533472514374	50329.63974062831	442.10529477747383	34230.44548108314	695661.3905801739	9.999999918948998e8	1.0000000081051003e-6	0.000029946163451295983	324.9596233690141	0.0247747008875241	11678.469613380148	3.54941999032878e-6	0.00019964202986692226	1.1745176873769937e7	6.212340419430239e8
10.570054296283619	3.623925144631071	3024.095669895589	1.4541261241731174	0.01277290600758681	1.484686568155436e-6	29184.63349531902	138966.98761703644	1.979239416777313	0.0000742816640267597	1.0104678574744874e-6	0.0367860183143902	1.0041223151860125e-6	1.884426496166678e-6	0.0001059967835401327	0.00008498310291027174	0.004495395366827355
10.570054303777104	54.81515510042112	45740.679516428085	0.004183505908401412	0.000036748734712410866	1.0059593984170113e-6	798311.979298716	6.982744985391487e8	1.005036836102001e-6	0.0006299179422924751	2.403973693801938e-6	0.025623308750467855	611.0724149819686	1.7988029623820141e6	1.0115898085645972e8	0.000015747611555176773	0.0008329568221376647
10.57005434038326	0.38028529943790346	316.2300601509539	2.6876260313282245e8	2.369077509939283e6	0.001020422669190444	2.2737721802556094e7	2.4759273080326545e8	862875.2137120996	1.9182924140640017e7	646077.6795410312	25.215422032682717	1.0022629594296527e-6	402.6858619165081	22638.492300556205	14959.408287840695	791260.8520604598
10.570054361492945	1.1415341335385803e6	9.525555447919384e8	9.790466474739891e8	8.60014829121079e6	0.00021075405659533414	3.7368470952466977e8	9.921520744095792e8	10731.620039431808	0.037423453977604465	0.0010507904461248205	5.221242759673366	1.0079479640699288e-6	1.0013745984891215e-6	0.000056285796035064404	0.0033529466018218552	0.1773522644507386
10.570054371246712	1.1983775093116143e6	9.999996867333478e8	871.6585050000606	7.6567442103788945	7.630318499773896e-6	3.8290016398198605e7	137473.0039287595	1.3274923561062004e-6	9.991058223124489e8	3.367918963851977e7	0.18903702475399267	0.012030729751597453	430.5929502762833	24202.297244763144	2.3924637754971254	126.54770510245856
10.570054450919006	0.0032966901744343473	2.750970870503047	7998.676771204954	70.26100800173766	0.10720446244750581	5.3287798189450055e7	203188.13463421474	0.00028501921670461613	2352.4268427702514	2654.269264441835	79.24476361576896	10.4714909793521	28.64978476266237	1609.7563008601132	28.03678915019195	1482.9663299866784
10.570054662435627	3282.3346543719367	175574.98515564948	1077.392687727667	147.63799211010723	10.67652670475652	6.9551751244106e8	0.07257228591785914	1.06029295844416	280.69711831802806	56.098728658817244	1841.2660221554713	1.0062683520652164e-6	1.743984306856661e7	9.79904540080789e8	1.888308290525623e7	9.994747276900688e8
10.570055121299127	1.1525243794012063e-6	0.0009617231128904859	3.918342167422434e6	34419.6723106317	0.00002637957739561825	231576.19996747992	4.8353720404051565e7	18.640066320047843	0.026346003198927423	0.021189289061521635	0.027358507808210048	1.0450086696348545e-6	704.4353023719858	39526.428787248	0.0036793068017387603	0.1945242161497738
10.570056072703224	0.8880255248057649	741.0182109194591	52613.504495152556	462.16559922894857	1.0047592857488266e-6	9.865526090332993e8	541456.9801514619	1.109530491291828e-6	0.000059778592495136784	1.0104515389595838e-6	0.024891265114792328	0.00007608408529332737	2.8139036998773976	158.2628036596813	1.4739643597134579e7	7.774482542255362e8
10.570057147344292	0.08125834350420835	67.96422805663977	537.5185125618765	4.710690215497223	4.887733607655109	9.9999966854293e8	110.10618322994142	1.028179048529134e-6	9.998305667270046e8	9.942844766762439e8	9.999994673661591e8	5.471575340766524e7	4201.574571324458	236274.24738372402	1.0000246657568917e-6	0.0000530241380451204
10.570071126983208	1.0001557285399455e-6	0.0008393635519577281	74.14823460465274	0.6476154951116458	10.491794726347532	5.59714559202681e6	9.943427914964169e8	0.9786524385269207	2772.33241350638	9.842509136392817e8	0.02477478075470485	0.000013816291005525549	8.784047319527552e6	4.942359978078764e8	9.9609106649776	530.5390315638325
10.570079879023309	0.2489799568147437	21.88630044900221	228.0981888834935	19.0208827299988	0.08843829603990228	6.872266217078226e8	90.59950881775407	0.00213438963831549	403231.1447298665	4.68819160216761	14559.211487360466	710.8091067065507	1.0000118792452067e-6	0.00005293634390476049	1.6478449893444487e-6	0.00008681529091895867
10.570175454439124	0.002781010796725264	134573.38098104377	9.647409614141422	1.4613705646102598e-6	145077.7241108579	2.1525056325826707e8	6.202230185346521e8	0.16259143341169527	0.38191866464893365	2.502916934511852	96.52407261343515	3.93633006971923e6	244.04288360831566	13295.67965160306	13.341452614345654	707.619904381253
10.570181436629886	3.1226020842262553e6	2090.378887090678	0.004606063348342127	50.43424550282639	1.3181857307856646e-6	0.014785677889606256	0.6899594543437958	7.791909671731671e6	2.2297628444605252e8	0.00003101758579606078	1988.2822074139547	11729.953012095393	26.081350504316333	1420.9449190720616	1.5959337378890163e-6	0.00008465319607115423
10.570181437361093	189.81316550617166	33137.62090509294	0.000047689630581644196	2.0023175082713198e-6	302.51872410571804	3.3932381583027774e6	0.0023379345211416718	3.251508940785721e7	9.999999609942101e8	0.016915100374785903	6.409860381019856e8	25252.932900335163	1.0000005288809106e-6	0.00005448116617342557	0.00008112551565377884	0.004303284238557834
10.570181437477075	1.2331990398229398e7	2.6876221996669537e8	0.19095768444943137	0.06422529012619292	0.000054649038856419064	0.6129778222163746	17.234522118253015	142216.92140300717	11435.604435606012	1.124922890859229e-6	19.688918552654854	224.7993130468854	0.020081154861813142	1.0940462820021515	6.770305766387787e6	3.591128199342234e8
10.570181478054048	0.49457799432589644	7.018473319749986e8	840.3127620938105	4.340473239984513e-6	5.2382053900730865	51801.75846178348	29.06342036637964	25.912986885817176	12.159128512237253	1.6319060670663603	413701.47029422154	36.34233238593092	1.1804677937048348e7	6.43096530908307e8	2410.0637888839133	127887.90239819673
10.570181516186764	4.214508202794962	4.559264591633898e8	14.782094028270308	1.0015944176070446e-6	3641.172955700405	4.083090932890683e7	9.999935331646254e8	3.966039335878416e7	0.004234220860232126	1.0000852994256553e-6	9.999935420295194e8	9.897359394451144e8	729.1369019790719	39724.007333103225	1.0001569493081019e-6	0.000053025340830713134
10.570582983026338	1.979355709141867e-6	0.051084843247751276	1830.8132684569384	0.5199718890388868	0.000015108321363827773	0.609335053780544	443.2205462153269	527.411126458883	2.0376432090326825e-6	36.78927165666616	9.397275133955109e8	0.0001127451787266914	1.4639100595264912e7	9.783216505310296e8	0.043394659053627	2.3132438158795265
10.570583026322073	1.0043505791567598e-6	0.0008218394663819609	141033.68844430314	1263.3542425396436	1.019279768911116e-6	0.00994754146841676	1687.933619620301	9.556291550911708e8	388.18751693850334	7.303222165186348e6	9.999682516087732e8	1.0000171223305174e-6	1.4964073756577676e7	9.999995695548365e8	12539.304519046016	668115.3227297799
10.57165960547384	0.0019963797853918335	0.0007524659819898867	1.0014471224705045e-6	0.000019475399122241397	9.771685259836079e8	9.999994675273379e8	0.15215594228868054	1.0448515572835942e6	0.0046842679811645895	2.175235265271445	31336.94010822468	1.0024089113432099e-6	19.02893419578086	1220.2761032037702	272.19085789211925	13677.13434774224
10.572327322921536	1.0003256717319276e-6	0.0000202309922007835	0.5072993756006441	0.183862099932102	0.00010105025186503788	0.9722407562380219	9.917961500136339e-6	21.67504605622869	37.87870819894644	5.101295465670001e-6	3.6551448445345587	0.00013418441867047134	1.1080187113537079e-6	0.00006594663730635548	97.63156359133545	5147.103734143665
10.573809352078754	0.000013930594134431224	0.3579554339628423	1236.161777456495	0.3527131749453693	0.0018185234562908212	3.99140194642137	0.04479522854392151	0.30433654399166044	1.0141798399884828e-6	3.6525431420477856	2.5791089114867374e8	0.0004989340419909721	1.0000154596527886e-6	0.000053745712108187204	1108.756289108027	58384.130097351015
14.615298631416906	0.00007720328106239521	0.36313373068535465	5.746102296146922e8	893915.3256628735	47.820757256299785	638.035604209223	9.987544829619191e8	0.0013206749562152957	1.1936616046961808e-6	4818.637438466556	0.0002680469043304269	0.00039192217295770643	1.2369148099513218e-6	0.00011025606429848591	9.35719989120539e6	9.999997726197475e8
14.615618913124074	0.2005751819333255	945.376919217765	1.4504940867006944	0.0022518652973566714	125.86080223289419	2.181188456776685	10.148028348446559	1.018010552227001e-6	2.5802081252964654e-6	33505.520492127944	0.0002208148732871938	1.0185770740314725e-6	1.8991322858837898e-6	0.00016946578199244908	5.097783756684263e6	5.466048650794069e8
14.661205051486842	131194.8104620435	6.187093908114908e8	2.1311433295449466e8	330671.4889120893	426.02688027631376	966.2286655818809	5.052341553497264e6	81.83141226630813	1.91827189370542e-6	255.48857241208842	9.527432555207346e7	2027.8845880654642	20021.406716685637	1.1391825845189793e6	3846.33770435888	427756.0015767904
14.661470799063348	202145.8707025684	9.468789179087594e8	41.326808671833554	0.06455838044695011	66.50742516982083	0.00028578641681590845	0.003630951011198336	1.0000012541037567e-6	1.000000394594085e-6	9.996086890856321e8	1097.3420719703129	0.00009659246037482766	1.000000532749254e-6	0.000056855427744567756	7.891455201661308e6	8.66987193153638e8
14.661690211836348	1238.5106688712997	5.85194437735169e6	5.74647542688649e8	889930.6898254916	2.6753107086295127e-6	0.011464834982657999	1.6958877391532721e-6	1.04042870496349e-6	0.002521551381861664	36719.13273258194	9.999995476342343e8	0.002720009459610229	1.0000005328183316e-6	0.00005686121093753281	0.016000114235304334	1.7844862492613658
14.66495039735496	1.268490595760065e-6	0.006017040084258439	0.002170269482098561	3.3478368887653853e-6	2.1647210671648344e-6	0.00003720090739321811	4.2527894215147726e7	10952.460339306654	31.12761059031592	4.619022817583591e8	8.318463757951168	0.000013128841870914378	54.42918572431417	3082.8018921953676	9.588559821989913e6	8.615098531111188e8
21.13949923803426	1.0067214752663996e-6	11148.283462335125	4.1678018279348873e6	0.002758751659974034	0.033331350667719285	1.0027726872067822e-6	9.96747978879424e8	0.00006056476924839675	0.0000481388893814093	8821.476902808974	4.786125893487205e-6	1485.2771474312367	2.9767217353668243	156.66904443873315	1.1661813835012953e-6	0.00006273659576172036
21.139883748071092	1.0000090315163466e-6	0.0008354495393386663	0.5835762605178632	0.00512014646830718	0.00010466902435645942	3.861835321991606e8	3.2500194375959257	0.000957561067653526	1.2228900753691548e7	4.31007883670644e7	39102.91454280387	1.0609812832048457e-6	0.08682229224078612	4.602353232790363	8.276126695625532e-6	0.0004369291614765964
21.13998347779979	4.813216800956536	0.0005831687960155995	0.0007881580355862167	47.682431836347625	0.022274628525495357	9.999560334726173e8	32.988508245004645	9.999999065611018e8	115.00795597628775	5.154595124265948e-6	591417.9709589307	1.0080328535841143e-6	0.0028695789721243357	0.1512521877080482	0.004476000318504878	0.23556399430103087
21.140008181325246	5.9936768399571034e-6	0.00039654031765244934	241222.43571747412	26725.611719389606	1.000315129930007e-6	9.993042256523988e8	165651.17557800782	1.0015357538593588e-6	5.5013139306868434e7	0.0001505161502484546	111.6941520872375	7.026234795248091e8	1.0010912148319512e-6	0.00005268696690847926	1.0006650384900835e-6	0.000052664625956111776
21.140010724038646	7752.294900528273	8.41287309969813e6	0.005725179596992074	0.000038670433483850886	1.0029299949933133e-6	0.018129738467552173	9.954052500122055e8	43217.815321918344	4735.351982551511	80.39379372713192	1.2309684673520088e8	9.603147509469725e8	0.24998165784138754	13.156939714673566	1.8958751887417752e7	9.978294133615842e8
21.14001096942559	1.0706698300298965e-6	0.0023564879465909523	0.02052217290354083	0.00006834668702039801	3.181629464281139e-6	9.116871007481892e7	7.850351695866626e-6	4.146754672909443e-6	8.566569783914337e8	4.331239541393147e8	9.999972165929604e8	0.000013583311936080787	16.7146793793383	879.7305282277155	1.5384369823061038e-6	0.00008097010253176405
21.140010983755857	4.352797981251337e-6	0.0021518428206605466	0.03888836549567396	0.000576609279360487	1.0000008301513472e-6	9.999948050591617e8	1.9147208067876932e6	0.0013161030484528807	0.00010162299042790803	1.269463404292278e-6	1.5243492927507868e8	1845.5694438891217	0.000026171276229830548	0.0013774783325977541	1.8967951208045866e7	9.983090721287817e8
21.140011020548233	1.0070781538022295e-6	9.999978435853354e8	7.685874270799968e8	5.673634375648465e-6	398.4098075895467	3.3649873455880038e6	9.999753690440375e8	2.6500572209843528e7	2.32093435771481e8	7.323477667283691e7	7.680045338147563e7	113042.27884761571	2.6030929278162986	137.00488923034715	1.9000598608783443e7	9.996237687515832e8
21.140011032906152	0.006654965539827018	2.1145756005171966e6	8.141638638795051e7	1.8781851726334495	80947.6608791023	8.994107077774998e8	0.00003918653170705211	9.999385970064974e8	1.7152787501849884e8	1.6548056339703703e-6	1.e9	38005.498943731254	1.0006207822313558e-6	0.00005265675755216457	6.32974791612755e6	3.3314457540328866e8
21.140011065382197	9.939148627285433e8	9.987159678112012e8	0.012701168614940821	0.09265200477195402	1.0171229556937796e-6	9.91970411411625e8	188.34098913031892	0.004988063692491683	213.16289945030206	0.005987226988987542	9.993847809070458e8	143.2186627370887	0.0531893358015864	2.7994482087164814	55.00271377404279	2894.8795370230564
21.140011278016978	2.1581160114926304e-6	4.9656029653656715e8	4.369629794897493e8	0.000013920390131499438	0.8876132396638621	0.005501088803922335	9.997155721640991e8	8.266741741085588e8	1941.1302179453423	9.999991285179752e8	0.025540819056149567	1.005546387060364e-6	104.97451137897139	5524.970680984929	0.00001351249808708849	0.0007112125119323632
21.14001138641532	1.1519064886765732e-6	385368.34239612357	52611.24182544369	1.1527190862516067e-6	20739.433278345903	2.3038527101741272e8	0.48200427417818104	516.2429423058213	4.257389968748362e8	97813.96894314831	9.958701178610694e8	37878.42735497234	12.278571535474832	646.2406194106619	1.1084085847929781e-6	0.00005785822109391976
21.14001159433017	1.1915954332308237e7	1.0388104428704347e7	1.189300192724099e8	9.999727197814199e8	1.0055533278505148e-6	9.971851824856063e8	155.6534441907624	8.201546423006823	0.05917124067271246	1.000517452885344e-6	1.5415823347047374e8	0.018132751988093086	13.844342318070384	728.6514769033324	1.0023098363115802e-6	0.00005275239889950586
21.19883493259245	90187.54493078396	4.1849041734081474e6	0.002620492892960351	0.000413914863334283	1.139339494157349e6	4.532020446780703e8	1.0023210823277596e-6	0.00007044896549299679	0.016228481536012695	627083.0893435249	3.8521550694890134e7	3.667389792215685e-6	3.3105666455541374	174.25591619378315	231672.20572204684	8.114740042595561e6
25.200603589853916	168381.73966306943	7.936529689160768e8	3.4904365948143685e8	541872.8565447323	1.1651792009387006e-6	37941.17485114483	3.769332063583942e6	0.0022094639477541686	0.011421023509384258	1.208998585871062e7	207494.93645845662	1.0694182837199158e-6	7.128213003645483	375.16910550757297	8.744945998255968e6	9.405632269930956e8
25.20079360763045	158019.0057560164	7.461329344088819e8	0.0014195103473146273	2.1998094171834723e-6	34.19229217060169	22.757700419124948	9.711675638135201e8	65542.14290842554	1.2682063927219741e-6	8.044458145787544e8	273611.7560558372	1.0000038461304055e-6	0.00019540009508146094	0.010287860450729082	3.849408701057649	415.793393051639
25.20099486993392	123117.88540503025	5.813981376727792e8	0.0021076280006083054	3.265836642295038e-6	307869.8293810949	4.20931872020033e8	0.013129362715942795	1.000000532910435e-6	1.0000005327953057e-6	9.999994675273379e8	9.999994675273379e8	1.0000005328413574e-6	1.8999867561261576e7	9.999930306288023e8	9.26848835500689e6	9.999994144297551e8
25.201251271946145	33.94337086783261	161393.93502549484	145326.7992102251	223.64931693103145	0.0026847841331990004	4356.065062342618	9.999994675733895e8	315840.77609176934	0.006722468953191858	3.4562890413898724e8	4.946715401437328e8	1.955148222286889e-6	0.006391747588482618	0.33641345913200466	2.9212708730491595e6	3.18632441562806e8
30.581845025341494	7.758279667898453e8	7.841177690462214e7	1.3129228328353006e7	9.960139554810596e8	4.5205058377014637e8	3.826811632116759e-6	3.6308019009205234e8	8.12032159926514e-6	9.901121094230614e8	2.464768184477765e8	2.7649584948567286e7	8.808447210456837e6	1.1907676667380996e-6	2.863796493633188e-6	3.487200472704087e8	8.202653643636963e8
31.709860628639227	0.008015648806394717	2.90322866756692e8	9.998993889087219e8	0.20235778437237423	0.22502175021228363	9.637588858511683e8	3.2800309082005334e8	4.593324006188152e-6	1.3837276533479129e-6	0.04282412264566902	0.030587394416689482	0.0017130206881443807	0.000028034770777557027	0.0014755175082363655	1.8719722595023833e7	9.910971759440774e8
31.709960852331882	0.00741203538448236	9.999049296527165e8	1.7435084035240553e7	0.0009473353158420129	262.03514612525424	1266.4835387906128	280612.96009910235	5.921535776950541e7	1.0082697664870016e-6	1.0500382050365238	8.974860401373439e6	0.0008783376042277772	110.78007544752985	5830.782356757216	70.0724430959527	3696.0472725295926
31.710018285923486	1.0048358198117529e-6	9.760817816541355e8	1.3645048405861902e8	1.029646132900196e-6	1.362168321690912e-6	9.991055790088307e8	154125.92005736407	1.0008511850664447e-6	138.90440749437002	0.000028481225713155347	0.01521781789525648	1.619042252897367	0.004537470637780209	0.23881426121223093	0.06128304031960707	3.225425314030882
42.28002198580862	1.0000000867153573e-6	9.999999132846502e8	1.364263932858829e8	1.0000000867153573e-6	1.0525054239895574e-6	1.2458698014675351e-6	9.999997626956093e8	1.000000237304447e-6	1.0000002376958866e-6	8.782313862496383e7	1.0000002369360332e-6	1.000000237304447e-6	1.0000003687820962e-6	0.00005263130659380355	1.8999707761961114e7	9.999990222998204e8
42.28002202585216	1.422512625068987e-6	1.4215660692746237e-6	1.031348453358891e-6	7.564817887540722e-6	1.0000202292435819e-6	1.0395583762357196e8	1.0000006158495984e-6	9.999998716769406e8	9.999984580750825e8	1.0000015229309394e-6	9.999943051936872e8	1.0000033599378122e-6	1.899885117886522e7	9.983672722597365e8	1.899915331671059e7	9.990701522326628e8
42.28002275663408	3.319708164193961e-6	2.3921209948743668e8	9.83036449452195e6	1.000014359069782e-6	32.72058765209372	9.999909585490655e8	5.970314134062092e8	234361.61753348223	1.076670454660785e-6	9329.012092508856	9.999909586641957e8	1.0000090414175509e-6	1.000133191772567e-6	0.00005262652368921005	1.0000107909160262e-6	0.00005263036799457345