0.011562002373199657	313034.4604805803	78227.56563704752	3.241976134376062e7	9.50924689991244e8	45.436511428314844	888911.8958746899	50.83530516074812	377559.1765847373	3.2424248256102446e6	41.11543737140064	2.3423741991207558e8	13215.973497507583	157.28761346663742	10246.265857608558	470251.31894651137	3.3119441279850546e7
0.01156200241081376	199.82201308515602	108968.71409328765	6.159046633031939e8	8.2786395456931e6	20.679790663187692	421549.4992225084	4.6386023716208786e8	9.977490617266114e8	7.802192683224713e8	2.0720059504254322e7	670330.011503535	59.84510780442738	47.71746637795069	3108.435205741405	3947.2298269303287	278000.35771256883
0.01156200243308905	229.92816453681678	273373.5914557005	9.958814847021241e8	6.139701437855261e6	17.16483491780591	428627.1890971735	573110.6294403482	42.58349878940235	21580.10659196591	1019.9851514815715	7.217312489423954e8	8.555458442458701e8	0.00030548996268568116	0.01990039178087634	51957.642783763906	3.6593703424984235e6
0.011562002438088333	17.94720047317872	60135.20216808261	3.4859408063469324e6	7625.914311323896	701.6108362855747	832419.6927909589	203586.4736125646	1830.153798024604	265.6634455415676	744.8070693724443	1.4402355679785088e6	5007.122722535998	0.2495316467867064	16.25559548511678	3.7853304012183095e6	2.6659537513871798e8
0.011562002448234458	5582.297985112352	58711.52616023294	9.999996108862193e8	6.96936889791938e8	518083.7683470866	431400.4597291638	29144.054013173973	1.0602580700401029e7	1.765672793143063e6	2.21390615088795e7	1.49647538184029e6	40.95713944866686	11653.740276018883	759165.632339249	112411.82105310941	7.917174267278806e6
0.011562002477983783	51.82771094354368	96832.59496163328	5.685571905617132e8	2.2305840427981922e6	23.972254047915907	421667.50500918203	3.700682785246897e6	52.95970393668581	828405.2050945695	87348.81931202067	3.1947673293693853e6	1.2512699277929485e7	1.028434118943017e-6	0.00006699493664236763	1.4737688575288503e-6	0.00010379858961126774
0.011562002527287918	287443.6284403428	59152.7808216062	260424.89827914748	9.27606953278527e6	229417.31967311108	543593.0269932054	1890.9391206521566	3.5260978355557084e7	9.603231423130294e8	8.27973083756566e7	1.4969070203474404e6	40.8491550258236	64.42932121068195	4197.1659901072035	1.2906467880814629e7	9.089799783526909e8
0.011562002551720876	599187.2423511774	6.057116148830634e8	1.4836106860344496e6	10757.72872904392	12090.173387331322	3.250304074416164e6	15.864811416864079	42.34312682882561	505.2942291401648	1886.1826508690121	1.6216526714325687e8	6294.047198571073	1307.5581303578251	85177.31494990083	7.39232313531619e6	5.2062039031372714e8
0.011562002569273939	17.09221873592365	57204.42802221637	122492.6170453468	268.2765289870234	106234.23689848508	3.92640299165299e7	1442.68189171154	50.469517862567216	245.69935268651273	2208.7021056116123	4.4593429307666945e8	398841.5177504592	425595.4014118317	2.7725669227653358e7	155324.0831496933	1.0939250282386415e7
0.01156200257578464	7861.24674600995	42711.84738285483	7.404358585892715e8	9.989286976836507e8	15.418379053174757	580622.7820129985	3.0828606661302483e8	9.999962911179413e8	285263.47693289816	40.85666703845102	9.962820422901878e8	5.919933219080351e6	2.359209100171408e-6	0.00015368593868064052	1.5764884756047452e-6	0.00011103404161568806
0.011562002601503044	4481.981407510257	64078.68519762111	9.371951903760799e8	4.804967858701571e8	42.34147986681672	485591.84978190565	62294.27710972101	1.159250495743019e7	225164.57610024285	278.6500316430465	1.2225838562503285e6	48.121223493699	0.013729311585845425	0.8943788781643661	1.414196492991372e7	9.960036120174333e8
0.011562002621454173	1857.4723696269944	69260.92480821659	7.33875093774775e7	1.4426474156076714e7	101.56410664079816	582283.7306711597	117.60482010822682	10143.717351143181	41362.254819996546	267.0555931053249	1.5060462768864592e6	49.03723948466481	0.00007246272823947378	0.004720580185866038	0.0003580550425842293	0.02521763864611802
0.01156200265273626	306.0894841994251	310345.30575066037	1.9364730259469274e8	1.399969770424587e6	16.734814347532485	449729.95270483784	4.214246438593821e6	62.41470878370388	6705.0910769561	251.12103906584684	2.1712263100301316e6	1.514187840069117e7	0.15997794607467541	10.421327372270632	1.1612296792432962e-6	0.00008178671006994917
0.011562002656256834	25.449146287366208	65963.21662346488	1.0475819680279947e6	2962.5342514568115	532.1715777251679	823460.1577608238	169.22616193977498	54.09838698065224	378.486606355736	629.3768949229006	8.442977676958933e6	1067.0364605855882	1.5347849604106924e7	9.998284202548196e8	59.02991554773152	4157.497182940068
0.011562002721877285	18.44473305811602	58911.06842169814	224654.69093866437	515.5786574275228	178.18959776763998	567957.8681906216	9.999993904828864e8	99.0777831178395	9.608514042643641e8	9.558024522901233e8	2.9045683297685767e6	9.611940854936217e8	0.000017586913396119435	0.0011456756070312736	1.419208681969012e7	9.995314757002361e8
0.011562002751859788	25.735396782414185	61658.68018365626	2.1323521454805127e8	652378.3597097094	576.6890872404681	421624.10528904333	1112.2862769464707	523.2594825846827	2.0076460830922878e8	6.531032268701184e8	1.4905373996291768e6	138.48910158710243	7.127591122610046e6	4.64314218234884e8	1.4220563040463465e-6	0.00010015666398030158
0.01156200277134616	585.6762309989819	53719.37105154424	185824.03831487946	14850.208426810643	25.71331012234813	612427.9911776579	130903.57593663975	1.8903603286546096e6	8.289876838920666e8	3.169130732062986e6	1.9888030177340636e6	157.23926182674737	61970.79775742403	4.0369872010867717e6	1.9058374030034496e6	1.3422927763643488e8
0.011562002920799924	27.623777235193362	45112.43587180027	133119.73350962976	597.4935108934292	37.114850031859795	746246.832162845	237116.83930767394	589.5605911799055	1.9263107266093288e7	1.5531715014009057e6	4.4024965544988856e7	1.135420998748331e6	1.2094316895485632e7	7.878589556032188e8	11511.201326805754	810744.3357772403
0.011562002926617295	90698.76504421857	8.426028580890858e7	3.356621644059902e7	264840.75325311755	15.83273348396069	424554.6772743889	18740.582488630196	2004.8194036004709	83635.2784873086	2876.3513624636316	417470.0586760515	439.9000051386169	6.609476099865023	430.5497789851338	23.258517972072465	1638.1142507333805
0.011562002927115095	2900.618323321897	2.9480418413383416e6	6.865522633822052e6	49514.74361208896	16.040959240324188	426163.3173355522	2931.668344388766	82.12823112717079	171325.508759457	6506.655103735242	860050.3620479528	3163.1195194706333	3.2352594660740244	210.76475142430422	0.00004708141872453289	0.0033157899910184743
0.011562002936885746	378.8755896103127	71197.0333175229	218647.58298090496	8528.710911132526	16.013876805741564	574087.3101513737	1.0898466886501458e7	578.9262110646907	2.719962500394008e6	14153.380350570123	5.1620993409697086e7	5.415529343655627e8	1.3318471100878939e7	8.676090156857462e8	0.8722310647854697	61.43210654898935
0.011562002992733345	21.53483961766995	59763.8243654948	2.4405437925972138e6	6446.052515576145	81.03715369752787	615886.1561696868	46161.607017153634	230.99185145686977	524.2129807263569	190.02375259008596	1.861423813830532e6	14036.698275278944	1.207267939705992e7	7.864660093059653e8	693632.0108761556	4.885284676655972e7
0.011562003086692092	53149.789972723105	5.069096190542724e7	754657.61797959	5799.9593913069775	42.425599106988166	456810.0459908118	25.180581854640305	44.821481897063705	830038.9295617226	72983.98575496054	9.999973106533056e8	61686.86107664459	7.9964359473369345e6	5.208952078458365e8	2413.3092579526624	169970.8336943854
0.011562003094732091	16.900562435754	46523.27977910462	237787.33795171184	633.1746509421228	983.6467741700393	7.705694387026028e6	1.616298924246806e6	8750.177723306004	219.8201993939866	76.68176278290494	5.062109262483721e6	35570.62919175708	0.16711813419705548	10.886933699955588	500827.9065978467	3.527300728210173e7
0.011562003122565796	885.8428162134002	388442.4066485993	663479.6040514256	11090.766865984504	388.82872170105264	749257.9337261226	18.999897733528577	136.92816485687266	2765.566786632182	624.7351663418247	2.277291417609141e6	75.46473215775946	259325.25369306456	1.6893115789101105e7	102.65262292758752	7229.888615582168
0.0115620031299684	147.44333520106917	78648.74170286128	783782.1722853638	10770.422068234375	49.875127294447026	679948.8763949235	73.32151203903531	257.0476913411466	2599.8209802043407	100.97985575952006	2.7966904584478345e6	156.61394869420033	0.000025840786754892497	0.0016833677712200532	23595.920611210848	1.6618876579504092e6
0.011562003148084064	21.93780091939249	57289.722811479565	730538.4923936937	2050.5173229649427	79.22157277818458	699075.3644857594	3138.3643068882784	84.25338209298152	511.69212213448856	150.3245149334217	6.713756029259375e6	10028.407128851592	0.0010880477548035603	0.07087954892618917	356576.63366098766	2.511392602555516e7
0.011562003361959332	72.55843045522539	48839.5115914183	146729.59604332628	1597.8582603106938	74.7212700738881	941386.1045529376	3.268513242083414e8	8.842783332043884e8	4006.0181594748924	212.46836228560065	3.2401687957953005e6	186.32720450121113	55849.01131981005	3.638212606517706e6	0.16605158765180691	11.694978375031246
0.011562003364155547	2.2443412552351966e6	160147.72812514642	285546.5841134004	2.933249972687731e7	15.439221569595432	580830.3226785684	2129.770910333472	816265.1159680329	8.331041808714743e7	156.8616540470777	9.965698203382959e8	3.8160933992410987e6	1.8056376359282995e6	1.176242167219273e8	1.2244731032437868e7	8.624054845923777e8
0.011562003376513065	80.50442788231712	90974.89739406292	3.0061693876468994e7	194991.4718105971	2.3945595669395416e6	1.948419461824448e8	45.645685840359846	104.4521516386117	377.2831215515873	5201.7072378049415	2.412130001802096e6	97.67864669193497	1486.9404368862872	96869.44218194544	0.0007583210659062926	0.053408054627507494
0.011562003383521795	7.27719593468351e7	303045.8987691995	408666.79782867985	7.19331390668659e8	15.288618433977394	579290.6953700121	419074.51252827427	1.1939164493175885e7	7.806821658721508e8	85.17314447800652	9.999994686556062e8	8.826966383312483e8	16.54685027412399	1077.9190455249989	1.3968838829151292e6	9.838445226043807e7
0.011562003414459877	27877.754718772954	1.3971588661815379e7	612516.3744056771	8958.46656902028	17.08487407754464	509125.4871228103	173.75852654083351	92.87934004755174	10926.310142750024	182.41258404262362	5.112713895976311e6	1998.643396482943	0.0009657976304285824	0.06291302807625804	3.2548250916516693e-6	0.00022924363048287483
0.011562003652053086	264.03500173058774	219584.1870558371	645628.9709259393	5690.461020326982	16.710987008108727	482199.8569354312	1.93204493568796e7	193.98434164003018	14133.632834429616	404.37321009551835	753680.0640782376	9.452246035808833e6	4.664025696739565e6	3.038326979964102e8	1.419837323109275e7	9.999994685635028e8
0.011562003680517297	679611.8424800185	6.997376116572076e8	7.04435719929292e8	5.015001490819e6	6.304149914469293e8	961859.5855971746	15.87808527606681	41.71201236352141	734.1862914982266	4.918092247289533e8	7.006992847971694e7	2712.964321916025	0.000019389969376618984	0.001263058710278384	3575.646267771072	251836.6617346999
0.011562003825805453	2.9668064035414294e6	3.407995677644421e8	248464.92029657905	15854.744175372718	16.52594634297176	555562.3545978989	213.14725339405652	568.4935200707065	452723.91119287955	1535.5974302337088	1.177978675271101e6	402.65425613394126	0.8453638944016403	55.068048534491545	7890.535486202259	555751.5963021249
0.011562003835938351	78.02596446194373	68229.08418548	263525.93284584663	2209.0061333475537	84.0924577140591	1.0003606915819761e6	68.44628629983211	130.76498050685186	1353.1615488129364	98.74196079080981	4.6815298279671526e8	29345.842629066563	0.07206290115543977	4.6943431701949505	1.419893507403944e7	9.999984898507068e8
0.011562004053072027	19.099747725074565	45692.928877368046	277193.5960983117	849.3091121098461	116.3086915991453	1.383774143858647e6	4.293353214205762e8	1724.2055595745373	364.87806245102246	72.83386217489831	7.376088786155406e6	8.039849518234593e7	1.8840111080658434e-6	0.00012273099382217992	0.0017480277006827558	0.12311489936169764
0.011562004138655362	19.567376706814912	57650.12465066654	434739.05535539874	1081.5957678239024	123.01958820343347	711944.055227534	648025.1721537333	2028.9268200486417	524.6399093552583	265.14812359349065	1.6160052416804312e6	18345.162058358277	257254.1069781666	1.6758584033139117e7	1.0844991594579161e-6	0.00007637449726898816
0.011562004199997124	442.98424523015035	329986.7949462929	325612.21724642266	3204.0284706272864	180.90269498121575	1.1033248623713187e6	20.446395736714294	65.88433498675501	1295.2199191528005	157.0394765184124	5.912500285950989e8	25794.917719430978	7599.089349134594	495016.1639875468	0.23277963049362246	16.394488402910365
0.011562004415150252	2444.4683303295187	61674.62676226809	258775.06867336773	75180.34135350693	629827.12029264	7.592012660102606e8	193.91636685840965	28344.59058794048	21698.77261013054	450.8891300464542	1.6434448439876577e6	46.66383683194792	14.141476028176472	921.2956248028568	4489.2966679259725	316169.0766528413
0.01156200468913695	16.94680784019357	45952.85449468756	9.153470357030224e8	2.4743729885910936e6	118660.35000922196	9.996052264611344e8	4.013802252260672e8	45125.436137322955	156.66606221250066	50.064328745547606	5.774604450884175e6	1.9834966279179058e6	1.3481619086925015e7	8.783074894149942e8	0.000020585022285299372	0.001449723700510547
0.011562005072034098	949261.1636719895	9.910954033128643e8	9.904124454434485e8	6.953289622804272e6	375005.98451443034	421670.00472206046	15.886882613557997	40.91418559687184	1.0849551514722514e6	9.999994534585514e8	8.593732759854063e8	33471.48859325187	167.7675169790834	10928.110061042347	0.00004646279442118039	0.00327246164349966
0.011562005472884844	1.4132628170540233e6	9.999991837799714e8	683238.9184856534	7077.825804507693	16.947384260670542	460535.2827662772	204.95625243221284	88.82616379938699	4.170338745215067e8	1.0778953461820431e7	1.2713742125154503e6	434.18936768539794	42.86136137082877	2791.952151227854	1258.82473691592	88663.8231095109
0.011562005625706088	45.27556583812905	58637.556586647355	272502.95292785583	1542.2799307751493	495.8603140902263	777302.2990087969	2129.46127130227	3705.413982198161	1337.4045511860922	1096.9585226828126	1.5501226549156797e6	72.026518652919	3.866228664183732e6	2.5186493342742535e8	854173.4207453332	6.015050547409725e7
0.011562005643002653	4021.855320073064	1.5474107632743993e6	404555.38919048884	7707.308869229573	343.94736500471305	2.6335880526081678e6	16.730138910942483	114.74894012224895	1583.8120721268076	79.00353496373022	7.60130431436675e7	3016.427528364158	839501.5436261562	5.468684426988597e7	105171.17448460567	7.407118830294975e6
0.011562006092036602	20.653110365226766	55431.50505754957	196522.37655518594	536.716257844643	623.5070860153337	1.9633642988639553e6	1362.1135308754615	286.8858184542727	322.48537924371396	272.86271160541634	2.3386525469264304e6	433.24138356249773	201764.83313816847	1.3143960768003656e7	24465.60082223627	1.7231456969719823e6
0.01156200774512129	27.329603759867094	61161.519101563164	171344.87035132473	561.216100302993	775.0609351823018	1.21431519604667e6	240.69387592534682	130.82826220885622	602.6261897794487	854.5161267637015	2.6115930766710835e6	224.8304952702348	1.237625830870479e6	8.062426055835384e7	81666.17095199994	5.751641821828956e6
0.011562008677067352	18.347718902407834	42736.787194366836	89391.74647498596	281.3076694030051	115.75129976865095	1.4399234207981308e6	8.480388516225792e6	52970.60526620032	3074.701390386232	571.5080902060168	6.455765231305743e8	4.646754768668812e6	191446.80984905033	1.2471545180269692e7	457554.29449509975	3.2226663249101505e7
0.011562009236976308	37.665690519699105	55944.42824697668	175772.6391501769	867.4497044695306	980.2767505328306	4.9838921529322965e6	188.05759990857914	213.78319012923853	487.9172314343328	141.50239047841674	3.982260522456128e6	246.98136455814594	799874.1601723176	5.210855623948148e7	242709.10308883956	1.7094368160852082e7
0.011562009520583387	19.206360925210827	50909.3200786863	217737.7113945671	602.123226889728	256.91542823697375	1.806841751033928e6	1287.838716629307	101.32902301724084	319.9238092807548	119.69763504146667	1.7053066188523537e8	85627.98971170255	3.2820330068116475e-6	0.00021380532071996568	39.99953621802899	2817.271299929376
0.01156201049511067	19.711830429336377	63289.772906277096	1.001773772818044e8	228700.46661825498	140.83441333628326	421772.39640515205	165840.11615603414	40.911344613411195	9.390433693505408e8	9.994723731554582e8	9.75436941843033e8	1.2895607950076577e8	1499.8853446740775	97708.55124426505	769662.7711221252	5.419516578768477e7
0.011562010550832093	131.51153015720615	140151.34739778095	69145.66573467318	475.59298432419735	1060.0760581096947	2.5971977628957685e6	25.50343481000424	57.84153811700188	6.3159991601888895e7	2.7272714040520966e7	1.49602029260916e8	6481.801431378414	0.25864920646323714	16.848827359899676	6375.1297786820505	448993.2907869576
0.011562014826254106	36.74201718907926	55764.45964709565	87282.97193110098	421.54014713711996	2208.111926791722	2.835184474289023e6	5.84642431572363e8	7.849679190073779e8	1490.35227397326	1748.835662381653	1.7396049042619914e6	89.39735729044916	0.06369583359504967	4.149518517705749	0.41183085151566423	29.00601520809498
0.0115620206914948	40.98997693219668	83438.74805371661	2.113275379338879e6	7609.742259158645	261.76734864820713	538307.131285763	62.98663355006434	42.99280777555393	1099.824367250325	1080.5686012668682	9.995336772084891e8	75345.44044373516	6.143132720498267e-6	0.00040006837957212775	1.7024469200415168e-6	0.00011990058866495954
0.011562022377824908	1.0499935247041332e6	9.965300945252912e8	58122.21924740386	448.8924430759935	5.76531412366817e8	2.459092376499511e8	15.290532724073419	45.00742967037796	259930.05711555012	5.74136121688809e8	9.995816551821122e8	37471.513713240885	0.0005959508926457021	0.0388195052038912	1.1157624595495025e-6	0.00007858411135831218
0.01156202254140547	29.39060077483706	71454.26144622437	327397.8080082756	987.0974487435393	16526.773955398185	1.360054937445857e6	95.56186766947249	45.37314370107308	340.31037172505086	9980.198329188288	2.6423682363909684e7	2397.1904072641787	702.6666305364793	45775.95781018139	6.214899807986621e6	4.3774870052864146e8
0.011562026688727273	9.999994675273379e8	4.415859044025062e8	6.0243643055987634e7	9.999994677806242e8	6.099404227225235e6	424578.5872978473	15.291040682856742	132862.07786367385	1.5876050051783398e8	9.999990726342827e8	1.4974734679378932e6	40.861896974449046	1.3915300479425423e7	9.067054094701558e8	1.3187748156956695e7	9.286735370988199e8
0.011562059439842518	16.288866785700346	46115.77304685712	109712.863181973	284.05523056979854	2823.559203251208	1.9504612360616222e7	33936.85765685186	275.4006303526558	332.9000029766932	135.44040296361436	2.1040961659003656e7	95908.86862500792	4.792499952007075	312.221113231164	1.0042722728579076e-6	0.00007074019808803128
0.011562070340724852	238.4490938253664	246380.78330661054	67660.04885948362	479.9820225713275	5151.2153408535005	5.551732791950893e6	19.938680736903127	50.016440582613534	6033.608906569894	5742.407453595054	8.054468601575928e8	32541.975077904077	1.7576797397779326e-6	0.00011449351262682273	2.9806210469838125e-6	0.00020991792037629861
0.011562106199206175	16.295670339954643	56796.89406621366	113415.65439937111	238.5199642442298	1.7619539689489357e7	997016.5046984187	9.991134602955858e8	271719.21760983387	1838.7329225803517	1.1245411992720135e8	1.6414542877188101e6	181301.00531612517	0.007360632140930445	0.4795846015909895	0.00003390395041457443	0.0023872921883231796
0.011562148493265246	52.446054706174785	64419.96674776013	8.797600177733368e8	5.250015193108707e6	46.23649670470491	675571.3721649814	161.42097038139696	132.11344445427974	919.7906114708976	76.78169251296266	5.488521913221116e6	571.5541349982252	1.0361256465804052e-6	0.00006749903515013016	925318.8089104303	6.512404834697718e7
0.011562203248203392	16.024157784925066	45317.292100698745	61168.27974111226	158.54089128848202	1249.9798990886518	7.91981228381283e6	9.99994592623786e8	2.997848264922449e7	9.999754641845143e8	4.430649657568978e8	7.059668251500386e6	8720.721664856983	7.568401538254827e6	4.9307229726533955e8	50.71537088867622	3572.7105300347716
0.011562288352701946	21.027743728506177	55020.33533037153	62284.27219636244	174.48236447277563	9.220699783903924e8	1.2062423023357082e7	9.999994576032027e8	3.668091796586849e8	4595.161594823633	9.123531143317817e8	1.8210648020499288e6	198.71273026703716	3.4768006781852233e-6	0.00022650793023308878	0.0062629444299977825	0.44119421213647014
0.01157574666404578	4149.832740458717	4.180040197664534e6	4.1489517220546757e6	30192.042412517836	15.921807508846255	429686.8491127426	102430.88031460268	236.32025684407884	211347.31288641875	7873.546278089147	504889.7605883751	22624.436234286808	0.006114977912791745	0.4014081465770239	5.843119862953678e6	4.1029565136699927e8
0.01175798115534539	43882.48335996617	1.992682528275362e7	1.749087941748694e6	28233.938066680013	16.013272628714912	492844.56400530005	528.0926667870473	256.55310140597663	8373.199755660486	122.63933396853992	645737.5929297109	306.5282188220579	110.62046440885409	7207.596203481119	0.003514638911479903	0.24115905024402048
0.011958099626619204	78.42191525187725	121708.03255870582	2.1668617666650016e7	102337.577750274	30.296932674037645	422293.17471858655	98.46702329750828	45.691024301537134	1.2335459575494747e6	136203.529706914	8.696584975405779e6	1266.1146185563157	0.0003093541555095111	0.020147964637096543	76002.75309939554	5.209407646756222e6
0.01202736211682931	3.520044878885734e7	8.382237429128537e6	214293.39510148246	6.596527711572521e6	15.288824314029467	579250.262617163	859104.1752822215	192624.48910262255	8.816699109720286e8	5501.299490554945	6.355090013193024e6	1.2463944474537019e7	1.6345491834081947	106.48331212013048	2.819482612065312e-6	0.00019071714286505867
0.012921397487161378	14.961814248910365	43694.98000112866	56838.40046000421	142.6531626802359	114806.75633418102	7.907784471935194e8	9.999994675273379e8	5.248156796429371e6	7.688802818089421e7	3.2240298456187032e7	3.684070996034016e7	253559.6392258936	1.706663435805447e-6	0.00011200636102327182	0.0034003970298362857	0.24428916702802958
0.10487024818673057	19.06002276906785	39296.310645795435	68319.43198097333	242.97568770923218	21640.086730961113	2.2391402470757374e8	1.5433766482914963e8	8168.221459256405	5.917003004765776e8	1.2047030265997832e8	9.375991197850846e8	8.47931098991626e8	3.2007703622840276	200.2078609860637	1.011798704557589e-6	0.00005939642670672447
0.2027990749845607	11.390024919631351	52293.94496355072	52275.63859276073	83.4205096518307	6113.345721282395	1.863235546611329e7	1.2037678549885213e8	22306.597987217378	839.0291206881799	1193.7177394976668	1.255447734970788e7	1.691922480531051e6	143.3504587488415	10453.702078508511	0.8642201614543065	78.63086601645426
0.23496209531195572	11.073440153333957	56514.002675300035	46359.070237562904	66.54833135834767	367829.0800240869	4.017902372146738e7	5.181057366668426e7	816.8660146401256	9858.412759953519	435185.23833520437	5.625300267368653e6	8.035362226619344e6	0.3853798326821669	28.226522351886548	1.0882559423691295e7	9.989064855499061e8
2.5109246831981737	50684.7512615912	9.183704106739832e8	2.761615889302904e6	1114.8613393602086	99.85425381058668	158647.025605267	9.304950504813293e8	84.55104069837503	5.7772840052566566e7	6.733170494520818e7	1.625834755471798e6	9.999689473590614e8	1779.6046282294976	31752.091424161754	1.2644887548235627e6	8.281651055800908e8
3.0507405403625136	22134.380917263396	5.191035656651495e8	2.463642246231792e8	76797.36417817952	8.375095146630456e7	4.8445522199029046e8	2.2813439201849493e8	6.753933786498974e6	59.7109650601775	25317.869681869757	993062.0073188366	1423.2921841754596	1.0000000361966392e-6	0.000019077811657367385	1.396628388851532e6	9.99999498059603e8
4.344305693131068	1.0758564279542619e8	5.659340609039289e8	7.155439334820755e8	9.976292400575174e8	9.534577529239737	175209.53485412212	114.1710052561739	1.3625117061895223e7	9.421928691285411e8	79.4134678937749	9.999777068268569e8	562057.3250260703	1.0383897777025947e-6	0.000021183510129580403	4248.967776095938	9.999999688460237e8
4.360347467193257	8.753046119857565	3.0164356704714525e8	3.1012934323500437e8	65.99208014483038	427489.479140865	4.988133348962397e8	2.1353017607250968e8	10924.117670494243	3.8605932335145855e6	7.120035873069265e6	2.021294133756651e7	1.9061584667069506e7	1.000000532910435e-6	0.00002028127893255274	887.6064723305856	9.83304112301308e8
4.361626519187352	1.376763663880255e8	9.996947749937693e8	8.999242147691276e8	9.084528560133104e8	9.765248625655179e8	5.3519495664578253e8	19.388273118131124	1.6921026780693612e8	9.966715118646865e8	543474.1575526993	1.0249063134613769e6	40.8448362020246	1.0000000017499647e-6	0.00002041749343507602	7.556306585032099e-6	12.72636773570486
4.362693881916678	27.816721187208216	9.999589906721321e8	7.373276683068097e8	150.34885160156122	179325.29854425447	7.213542159198262e7	43.391438213378215	66.73428521975947	13228.032455754816	31471.396009261887	9.998168516787854e8	70603.83907134482	2.277826678001218e7	4.6373951667991376e8	386.69206001095733	9.99999253663374e8
4.362899473974158	3.6212264575515594e6	9.999988453233206e8	8.808857703339021e8	2.338189790328638e7	9.999928110328168e8	1.2165455099106377e7	2408.458742992503	9.999945575786321e8	9.99476523570142e8	5.166095032842622e8	1.0256860108947244e6	40.838694781676544	2.557701452960079e7	5.2312404376809746e8	278.9080212566436	8.498297059100027e8
6.554433817519612	9148.707849666382	5.611894858882999e6	4.6184288383864856e8	5.525638247515e6	1.2653775784588999	358715.68161594577	9.999999800135599e8	8.266569758389181e8	4.150492299105877e7	11195.703428247918	56445.25226657951	93.03686375942333	4.388662356197618e6	9.999994431199512e8	216344.97850014167	4.5572884147290844e8
10.442873621062333	3.1077878328516223e7	4.2611611568366736e8	3.415374428822593e8	1.8302570839025235e8	0.3463090689239895	397907.43098396895	39980.89571314649	3219.4439282274107	9.605624525129777e8	258.4517879793908	1.933095531790977e8	8.068702853728508e8	0.00009217123825151323	0.0057779704801713605	2.693049520031036e6	2.7105506353744555e8
10.575317248255294	0.00330631377353506	43661.79105410369	2.747990680504243e8	152.53217470702998	5569.037250837971	5.717978847752541e6	15196.508772978383	67.77922280451112	1.723493302311008e8	4.784298023218723e8	3.392339379566316e7	277428.6087233374	9.7088278308572e6	5.99382418196249e8	0.0005331193563806362	0.043849641291989414
10.57531996074746	0.004870713225242294	43649.52128463183	6.283916722994809e8	513.9814937484203	136426.23319418277	9.103511755134668e8	238.81688740418417	170.97935024723645	459.2026021174644	114.74790334136478	1.4616855090235212e8	12728.40930538512	1.2577619553272599e-6	0.00007764775713565984	15689.99443827377	1.2895165695340275e6
10.575323744621453	0.006027569465347624	43654.38375378248	9.999995238715693e8	1012.0873236206852	6363.21499069556	1.0327019287453452e6	23.81929358263785	43.068590470471754	1831.2298486913523	11497.380168676284	8.577767052435505e8	48399.551861815795	1.5652702492481137e7	9.662914940433465e8	1.0517736984135022e7	8.647000338963068e8
10.575326157229107	0.001658013845949107	43648.71688034383	9.999339050746963e8	278.4145375580629	154.88499957136028	1.5319185992040427e6	5314.328641197645	350.8616529119836	771.4867270560372	209.35320791796076	9.57155940312545e8	561519.8266620995	1.5867985319194125e7	9.795727265014845e8	0.6364054600405928	52.30811699240273
10.575326361824326	0.0023106118808771726	43659.03995857495	5.771564015983298e8	223.89789153440236	83042.91507817084	1.8736317032156128e8	2.987522156110835e6	1.3356079611916898e6	2384.521957930649	2090.8265251378034	1.9064105095122808e6	224.09140669258983	32.011075643350196	1976.3001002317292	4.0251709881019057e6	3.3092551064226604e8
10.575327195997895	0.3688318261642081	43965.051666990585	9.980501430037544e8	61372.96444362161	33246.93342585332	6.338160808843805e7	0.1693894306867568	50.80819653484066	141301.63229127644	704.6994248304036	2.7818941651633346e8	10140.877447753046	0.10412290957899484	6.42795172782912	0.14055177547106204	11.551655155995169
10.575327230515157	0.0019264149256658452	43617.6371313776	9.99986920435126e8	323.7324588919263	331995.7666605144	9.999389052116605e8	353.36614872552764	71.88626727974581	359.52009053509084	283.74485572954995	6.082351374847256e8	130747.48037403893	1.43407676765602e7	8.861785278987983e8	1.2167419479262965e7	9.988777060058582e8
10.575327922412361	0.0009167736265109707	43651.38026365733	9.574578994691628e8	147.39668536080674	5.692771399335141e6	3.0145629456372704e7	6508.6438462891965	64.96863495300634	7588.237566232325	4.060126731143665e6	1.200005167709415e7	44109.09722782072	2.691922505664159e6	1.6618610065123305e8	2937.9643667262912	241536.31629636884
10.5753279876065	1846.3855956334232	169731.75674614558	9.994000932066472e8	7.968990205603476e7	19855.3908217808	3.2859614834805947e7	0.0012386840166930654	639.0113145630227	9.999998614074116e8	3351.8546173687632	1.458319197601368e6	52.97685407331553	2.484344423815905e-6	0.0001534394948660511	1.0301957356559196e-6	0.00008464095721916717
10.575327999841006	0.0015147796542662702	43654.138164032775	9.921502271756607e8	252.35110266929996	90255.13616212248	1.1226399075044252e8	4.385320369131134e7	2.9275434157430425e7	3718.0316592181807	5130.30454707485	1.5773632517712745e6	143.11867301369898	541005.3806389986	3.3399971893699754e7	0.1601103990155948	13.164784588278938
10.575328031276005	1.3711890007488203	44942.27536123948	9.99999954800254e8	223638.31717163674	3.542651709908099e8	5.430570365005227e8	0.029240654890945624	46.20635731302025	6.048158133400118e8	7.139752331002579e8	9.71570027098253e6	353.210455141334	1.7954603405675633	110.84617964580504	1.2099043172652325e7	9.945121764300659e8
10.575328053726446	0.001374054803497554	43648.42755789078	9.999997922838216e8	230.7487394229967	1413.7730408831	1.1863917748902803e7	8.697747101170167e8	5.0099264953349566e8	214870.13554826027	46485.618340072615	2.857353424139468e8	28405.21643075448	1.7344685553691228	107.07538179987188	30.26003568141315	2486.1189366704534
10.575328458282563	12.839247957058495	57256.7364391189	9.999982519019518e8	1.6436762280833372e6	1.9186164920944148e6	3.0709087847564076e6	0.004166338786669093	41.179699903647354	7.438000950477317e7	1.3451413144651227e7	1.4084987229558355e8	5117.883851278874	0.00024470897030438274	0.01510683172463607	1.2181193692710016e7	9.99364202896595e8
10.927114128505345	0.0004583504699378036	61301.22836270393	9.999978226318547e8	54.77350022808222	330995.8188208242	3.400579838909442e7	122578.27754051304	985.0373164020162	7198.163722777124	342176.76884421724	9.307721057799445e6	25976.33390308005	400052.66102865455	2.7252950225662876e7	0.006723007175814307	1.0819335964621446
10.929173066108907	0.00045479303407326417	61437.872030751845	9.999994675273379e8	54.22750745280318	9.781743637931338e7	9.999994675273379e8	86468.87725570794	344.005397915663	3002.237701311797	1.451038379033969e6	1.461346542100794e7	81417.50647665416	5102.811529750412	349752.35893468146	15.822736524494822	2563.0542454837596
11.13418079543377	0.00039767359289860654	70205.73480336754	9.999994439488815e8	41.48872720813706	2.733541171902727e8	7.857907250076137e7	9.999942062982235e8	1.0057289013114385e6	14944.076184730733	2.9951418678555566e8	1.35957870579585e8	2.6059624783343654e6	4.986946853915259e6	3.594579490101119e8	2.9464688071606713e6	5.945336595876912e8
11.25260823160048	0.0005941235506181989	50538.41281090576	9.980554216508807e8	85.97558807728527	44859.349578412635	1.7228074919289768e8	9.521232430062599e8	1.2349388116618905e7	9.999948113451848e8	9.792017312854586e8	3.6443055831613995e7	85005.24905522642	4096.369682806047	264657.9103425804	4.625613108040813e-6	0.0005196661484305298
12.542364166364859	6.532536424789168e8	1.3110666384391963e7	2.6276980687882653e6	9.573246726458416e8	0.0012999660530492406	168972.0390290351	2.3681478687615767e6	9.898544440261533e8	8.370877707398598e8	76.70672826174412	9.999994679878547e8	20267.899613401598	0.03557023557940489	0.6911504763851322	1.406131353799731e6	9.999995918438487e8
20.752700261508878	1020.3293272128968	267058.6786598331	1.5299910652917358e8	4.288320796737127e6	0.000022777503900495358	429676.2543944097	10627.651166540358	1984.5990781093399	1.0191061947385588e8	1345.789874037689	5.0948349989188576e8	1138.1021082990046	693.1947817488748	65603.50680106248	5.922453320734098e6	9.918177321256397e8
22.981578689680582	26.12853874597469	50913.66602827585	3.796492017169658e7	146958.67901814473	314.75101436042735	505113.5325761143	9.97762978291035e8	5.953349333085057e8	683.2410343067895	874.9870655609514	1.3394566396623284e6	114.63914103718012	0.00004124749633957108	0.000897931407187466	765.162201537405	58666.679597748174